&runtitle title='Listening_Test:2PL_Model:Testlets' /
&numberunits /
&files filename='listeningbin.csv' /
&units /
&dataspec nitems=34 filename='FORM1ANOX.TXT'
 fileformat='(21x,34i1)' /
&paramspec nr=.FALSE. /
&dimension dimlatin=7 dimlatout=6/
&quadsize grid=.FALSE. nquad=1000/
&quadrature vecpoints 
=
-0.811340474 -0.960553279 -1.445589278 -1.069799464 1.9845576302 -0.3107138 -0.669480408
-0.017943042 -1.540277279 0.2327067109 0.6435492425 -0.85598709 0.7374401245 -0.208613819
0.2034055695 -0.543573938 0.8912709372 1.3146683592 -0.930864523 -0.726387115 0.178831558
-0.768050357 0.1166624393 -0.682847112 1.2385990201 0.2625082294 -0.045121547 1.0339587873
1.3165922456 -1.975631153 0.7786945777 -1.388778837 -0.767306379 -0.744828923 0.0265474402
-1.491970513 -0.017903331 -0.146875949 -0.814909271 -0.187580721 -1.966254735 -0.690167833
1.1656010012 0.5321712043 -1.701877231 -0.352750525 1.7973069284 -0.534489709 -0.0275971
1.1351781911 1.752478949 1.0656742272 0.1212093526 -0.039210131 -1.617636787 -2.114387266
-0.936125503 0.3396946256 0.1581280196 1.1467956731 0.1509309842 -0.036098749 0.613629753
-0.880467213 0.0407004754 0.7512302754 1.9193407812 1.6618774566 -1.428793618 -0.638204226
1.4517803303 -0.469828357 -0.940846862 -0.594966343 -0.838621895 -0.498913041 0.3435217457
0.3035311126 1.0711914808 0.2562926789 2.0115698727 -0.291752124 -1.236796628 0.215449548
0.2036036323 -0.515064547 2.9160507107 0.6694094364 -1.346075701 0.5216448359 0.4788498459
-0.364708693 -0.77276767 -0.923303101 -0.273695525 1.11901006 -0.956397044 -1.69381912
-1.242691843 0.0607567445 -0.144898682 -0.243615101 -0.034368959 -1.523384281 -0.586929924
-0.289364926 0.1543603374 0.4677511395 1.7663701345 -1.726004217 -0.617232644 -0.424672906
0.7092406381 1.3301482056 -1.945463343 -2.842928336 -1.610353428 1.1295412071 0.3804858841
-1.820638953 0.2731383331 0.9989378768 0.4891525056 0.7554276385 0.9319620843 -0.614594205
0.5944642905 1.0548380245 -1.038588563 0.6955585136 0.8519191059 0.399614291 0.6595915481
-0.649890594 1.6884830818 1.0036341458 -0.266547553 0.3641818627 -0.866226854 0.6489465794
0.0985053844 1.7763659157 -0.111126178 -0.291229392 -0.740517747 2.0320414704 0.3427373689
1.841943952 -1.575076046 0.6721288707 0.7742165156 -0.503539203 -0.34044672 -1.292241652
0.1093319554 0.2252458391 0.0030684945 -1.248859455 -0.356478895 2.1058316659 0.1818152775
-1.129303963 0.8452064491 1.3942131694 0.39504935 -0.868699173 -0.404951917 0.1220092026
-0.052483015 -0.066896093 -2.387870416 0.8445284778 -0.728378229 1.2156318317 -1.043902994
-0.395503453 -0.740637363 0.6690114464 -1.639266206 0.6789564498 -0.242062716 1.9553199206
1.9804659844 -1.863831747 0.1566835718 -0.028026267 -1.633720969 -0.721388706 -1.098167684
-0.549313516 0.4156750356 -2.036990389 -0.287089948 -0.118559082 0.5759627113 -0.768455125
-0.451824343 0.3058387513 -1.610284995 -0.282893133 0.2390269303 -0.967337305 0.340779062
1.824119557 0.7253514916 -0.564876048 1.0004523235 1.7259895516 -1.102069857 -0.699572745
-0.85302936 1.7908482624 -0.404271986 0.6080969083 -0.679220559 -0.317162995 1.386983009
-0.097670215 -1.298431214 0.1105853561 0.1157319634 -1.011388926 0.3620846923 0.1756581445
0.9585425368 -0.827319651 2.0015611934 0.0848301072 -0.487308899 0.0321588438 -0.938211414
2.1832127053 0.2129795725 1.2051919284 1.2502254478 -0.211374862 1.2646553006 -0.977815878
0.1681043158 -0.159729081 0.136870687 -0.4154768 -1.320016712 -1.048371456 0.5608865665
0.2159714906 0.8883423732 0.4122745879 0.7763627244 -0.091007075 0.3478289876 -0.692322011
0.7927448493 -1.617780759 -0.166957513 -0.441514215 -0.805056094 -0.196489387 -1.093214976
-0.583912844 0.206887561 -0.903645193 0.5445929246 0.7328105385 -1.127236346 -0.976873113
-1.085961078 0.4741599671 0.6688781719 0.1384792612 -0.031885942 1.6107651791 -0.431290201
2.0431518568 0.1201116365 1.5599623572 0.1269380123 -0.39519419 0.7133611765 0.2815293876
-1.28689536 -0.567468423 -0.226629111 -0.027964086 -0.655765485 -0.810950027 -0.074257162
0.7619403431 -0.669663964 1.528023043 1.076442017 0.2376999739 -0.634334359 -0.494178916
-0.06036683 0.0942431578 0.4443106229 -0.378907004 1.3737614663 0.6928448647 2.6573073276
0.3965902061 0.7515683096 -1.175549118 0.8279791912 1.4832722495 -1.25466297 -1.522771944
1.3561656392 0.3870734974 1.7151530816 1.9610160709 0.3851291716 0.6409078969 0.994249289
0.4928434836 -0.192516837 0.1628317551 -0.349288765 -1.709933126 -0.454668991 0.8209104134
-1.281270277 1.098434005 -1.309935133 0.0295974748 -0.556291715 -2.042583614 -0.111016309
0.655809201 -1.645398425 -0.510088152 0.4463811025 -1.820739862 -0.330354837 -0.278828941
-2.21189242 -1.305339616 -0.008016068 -0.431603492 0.2507958937 0.317314819 1.8999490828
0.3519728337 -0.062767388 1.42629118 -1.825204959 1.3487954117 0.9398478706 -1.162575461
2.1372631589 -0.606432374 -1.027416574 -0.952893696 -0.700320909 1.9262046485 -1.429141212
-0.586679621 1.6489291284 1.2558019307 -0.792852631 1.5040447988 0.4909446089 0.434809654
0.1966868939 -0.709725465 0.4853474793 -0.576418796 -0.187272099 2.0135539812 0.3106722529
0.0906796275 0.3598595975 -1.5107947 0.3193491411 -0.620383899 -0.084784549 0.6140902716
-0.463065963 1.2659080216 1.5991437864 -1.405332161 -0.493584199 0.8002838472 1.359766011
-1.296511077 0.1811786787 0.2180105174 0.1153732402 -0.021660527 1.0465527912 -0.482729233
-1.752443779 -0.958186942 1.0562722637 1.0445282373 -0.824793478 1.3926482859 1.7926885018
0.3789221082 -0.199878911 1.9141691618 0.2599293235 2.2977071714 -2.175122275 0.254896222
-1.2041621 1.0732888124 -0.415934698 -0.345850699 -0.981324444 -0.098467505 -0.499847699
-0.623139815 0.1924337119 0.6940284747 -1.377650647 -1.373969618 0.5755988629 -0.068672645
-1.270571443 0.313069184 -2.663808144 -0.084345444 0.6616753437 0.7015753572 -0.851824108
-1.184380873 1.1169457282 0.715650888 0.1890513199 0.5122530008 -1.339908574 2.8708739717
0.1977210687 0.8839340983 0.316079289 -0.567418732 1.2258000206 -0.012097577 -1.767579659
-0.118637936 -0.885557727 -1.042927714 -0.321595432 0.0178875669 0.4131944617 1.1395688323
1.3093397043 0.6294820297 1.2672548197 0.0435068663 -2.147919497 0.4381502363 -1.442875708
0.5964038989 -2.247506386 -0.14642357 -0.312831575 -0.712992376 0.5828805563 1.2922923045
-0.597124075 -1.612128321 -0.309659949 -0.509365227 0.0092520634 -0.291423319 0.7717158
-0.712718232 -1.209014316 -0.658708438 0.3059464006 1.1472199712 -0.339658159 -2.362578867
0.8581732989 -0.539561282 -0.863137167 1.2451554161 -0.167973207 1.2567482377 -0.138868196
0.4637298101 -0.139841279 1.327702037 0.6055585002 -0.414917613 1.0224129419 1.7486175021
0.6675113778 0.9796154869 0.3309226942 0.2944244744 -0.929625559 1.5950153322 0.6884779841
0.7472149275 0.5489881302 -0.287008115 0.4091939438 1.4893203021 -0.990427219 -0.554159358
0.442865594 0.995219276 -0.341330119 0.6029728129 0.6236163067 -0.753674568 -0.607370003
-0.777216235 1.4615571418 -0.028774302 -0.134449566 -0.546888309 -0.952888151 0.498458821
0.6381143679 -1.330792466 0.5524089945 2.1496992786 1.1232197799 0.0285337594 -0.212724162
0.3208061149 -0.664392319 -0.338791804 -0.861246089 0.0946646003 0.3064271111 2.4789446209
-1.085063537 -1.062459532 -1.526912828 -1.136439678 2.0103606229 -1.308830245 0.5866566491
-0.546542133 1.3689528181 -1.136969047 0.9866097633 1.2638456425 -0.845087429 -0.453285728
-1.277034153 0.1408462561 -1.235867227 1.3220486418 0.4007782559 -1.704554201 -0.870203015
-0.296785352 -0.167308873 0.1577422601 0.5128599284 -0.515520959 0.0423910594 -0.163727237
-0.025011663 0.2875843463 -0.052418277 -1.840678474 -0.066072495 -0.343969964 0.9915784181
0.6751231889 -0.822732367 0.1751058134 -0.733155821 0.988136102 -0.981425364 -0.008164477
-0.621354805 1.4810324531 0.4175980182 0.18474338 -1.473767324 0.6542950685 -0.810822631
1.9347994371 -0.213472414 -1.188618621 -0.2576063 0.8713264123 -0.181230131 -1.425506145
-2.057258698 0.4955229471 0.6483515702 0.024398984 -0.900392426 -0.441288263 0.919180919
0.9355649359 0.5594092837 0.4462848511 -0.880408577 0.3466259892 -0.565308933 1.1573717586
-1.769886297 -0.229653327 1.0342424987 -0.032447728 0.1285700433 -1.410321104 -0.210071005
-0.827140994 -1.488290262 -0.512191954 0.7515723741 -0.202881484 -0.36617899 -0.171114175
0.7001202377 -0.529642018 0.0118628738 1.5215570635 -0.271682725 0.6809114073 0.2132292282
1.6735790432 -0.456415632 -0.293540204 -0.780866727 -0.684854736 -2.232756983 0.1835765512
0.2583463179 0.2522226802 -0.504273071 -0.136252702 -0.393086894 -0.864590748 0.7356199653
-1.246767368 0.8637010428 -0.723515546 0.8664830634 1.2906357469 0.6178670198 1.126337821
-0.234696071 0.1024756627 1.9327006439 0.4245789721 1.797617157 -0.535318864 -0.532247917
-0.137225276 0.0875857198 0.5281880451 0.4672523852 0.683526171 0.8109179151 -0.946104421
-0.051000919 1.050164238 -0.476568627 0.744982877 -2.487492549 -0.350595332 2.280695245
0.2242894893 0.1890215931 -1.049954355 -0.217636319 0.1962357571 1.1158372654 -0.226247582
0.5390002436 -2.465150066 -0.910803273 -0.309974504 -1.571545867 -0.901963115 -0.008116834
-0.334767307 0.8266773561 0.8127426626 -0.727398317 0.9569052238 -1.156905916 1.5394286492
1.1726644805 -0.591871071 1.8046120121 -0.46100729 -0.290438836 -0.60529236 0.4516469459
1.650166967 0.2038323543 0.5505301993 -0.257799549 0.6920972988 0.8333618531 -0.251116693
0.1207190136 0.6297071426 -0.934601341 0.8733904279 1.6418505088 2.5218694883 -1.285572737
0.9508416916 -1.026886062 -0.516069127 -1.411535575 1.0418541738 1.7485919085 0.7666797911
0.4782730106 -0.730170281 2.2521284696 0.4335009653 0.522497712 -2.033589937 -0.052059716
0.6231366686 -0.612127086 0.135051627 0.5106064592 0.1603772175 0.7279370574 -0.538104899
-0.429392048 1.8269578738 -1.056696884 -1.102807503 0.4961251287 0.099897263 1.248750159
-0.167332153 -0.872380296 -0.150583549 0.2974852725 0.0927881852 -0.705728006 0.5965601695
-0.350500501 2.2191289185 -0.994025425 0.9618270227 0.3035225157 -1.457553265 -0.074925492
1.0020376551 0.629795406 -1.447859318 0.9034589423 0.8481581585 0.5445477049 0.0584301565
-0.18646866 1.4001660268 -0.157946747 -0.364995143 -0.767503218 -1.015158154 0.002981824
0.7862430612 0.1696588682 0.2698946593 -0.610687333 -0.129718137 -0.587892488 0.0572247825
-0.513497472 0.0230023593 -2.011743233 1.0185762025 -0.056588612 0.806361137 -0.591902003
-0.025105049 -1.509162522 -1.43244429 1.1892668462 -2.358713843 1.6593239173 -0.807254587
0.8882172916 0.3901933329 0.2831819062 -2.046584776 0.2885433038 0.6116797146 0.987522806
1.0065104496 0.5605450529 -0.526646652 1.3641939326 0.1920112765 -0.308817837 -0.421150614
1.0466292844 -0.288208184 -0.822244191 0.9217356159 0.0154722839 -1.787630886 -0.07324118
1.2237470496 1.3654828016 0.6120648843 1.2768676181 1.2962260654 -2.227963091 0.9065211854
0.0648071633 0.6157608386 -0.561434105 0.1413522778 0.7523551851 -0.616784696 0.0577130206
1.0187788908 -0.357366497 -0.460340929 -0.039085167 -0.812596508 -0.38789082 -1.442841941
-0.508183031 0.8150494003 -0.924276127 0.904767628 0.1174844073 0.6708321994 0.1026082593
1.7370741958 0.9601973527 -0.06511507 0.3935637176 0.4013933792 -1.038061542 -0.94774743
-1.22688069 0.1133944642 -0.515832026 -0.116792344 -0.054203714 -0.749014763 0.5211172264
0.7318628072 0.6462170785 1.2963104219 -1.280676869 -0.853980068 0.2875997973 -0.956506554
-0.044205455 0.038995372 0.9557594992 -0.382283996 -0.296434177 0.07980555 -0.896614798
-1.617773187 0.8136770312 2.1242720328 -0.82575335 1.1401767185 -0.060955418 0.744726774
0.3419891939 0.4982077485 -0.581606791 0.2628506086 -0.320374985 -1.118597417 -1.723621806
-0.168322604 -0.458915428 -0.30646403 -0.391379092 -0.95173393 -0.37588225 0.3579781313
-0.544333401 -0.862440778 0.4949842062 1.6137325275 -0.314600594 0.0974077874 0.3337958603
0.4621498103 -0.405061557 0.6873980589 0.7800787782 0.1298042966 1.5545639144 0.0150151272
-0.085671985 1.3241552454 0.8355240917 -1.766257043 -0.331362855 -1.134362844 1.1922841606
-1.059026722 -1.141045254 -0.422038302 0.5330340699 -1.493457291 -0.257580766 1.7287962784
-0.114598546 -0.877061004 0.125397692 -1.831474483 -0.656363536 1.0686044835 -0.511262083
0.6687298426 -0.16925616 -0.762631132 0.4802897769 0.2005126974 -1.131425619 -0.315248722
0.7461033232 -1.076907302 -0.846470697 -0.569262847 1.2645604048 0.3013551355 1.0026125291
-0.760175524 0.2653163129 1.7803277276 0.88962396 -0.786072727 -1.208944938 0.4753402906
-0.709993268 0.9581040033 -0.403288532 -1.603132992 -0.719546984 -1.10432245 -0.291940599
1.346520112 -0.386228619 -0.256703149 -1.022251332 1.0086366562 0.3991142513 -0.212233042
-2.23019416 -0.694084578 -0.761060675 -0.369417887 0.8481113007 0.3549264533 -0.656687554
0.5957819239 -0.561459341 0.1315922107 -0.435116638 -0.330293581 0.6620266051 -1.527492424
0.2427676153 -2.244232997 1.2909601134 -0.428130494 -1.840200565 0.1862680036 0.0701058529
-1.213950864 0.746207382 0.6436111273 0.4604696756 -0.599853663 -0.104822057 2.0102317213
0.5898783828 1.2285811225 -0.940879517 -1.696967638 -0.578356969 0.8511421176 -0.592258896
0.3935324322 0.8742025042 0.4508344829 0.5618006932 1.0049012286 -0.177531908 -1.215370761
-0.020038667 0.7705898278 -1.066216302 0.5620921045 -1.280480614 -0.956188937 1.2404449734
-1.11544913 0.4883840934 1.5612969007 1.7230281549 -1.099392399 -1.538235342 -0.559012367
0.0732303508 -0.678026603 1.580667517 0.9480517895 0.4746703805 0.5619226873 1.094960545
0.2408232489 -0.636050458 1.3373737585 0.2744215885 0.6003599858 -0.073447476 -0.607389195
-1.216768102 0.7297786475 -0.076531269 -1.419006076 0.1862703686 0.3156475667 0.9927278495
0.596305275 -1.494866653 -1.431885452 0.9273453925 -0.582472982 1.2495053336 -0.206317921
0.4423537689 -0.213117399 1.5174194604 -2.012615811 0.4161415383 -1.446568559 0.0242134654
-1.352760794 -1.834860527 -1.262743107 -1.191471442 -0.630506029 0.7846449441 1.0806951897
-0.932497632 0.4907841019 -1.013214015 -0.070203391 0.7328977712 0.697235856 0.5366564536
0.6457313537 -0.707324812 0.1533284238 -1.128277556 0.2410582228 -0.138378933 1.2618189578
-0.796312224 0.1350075474 0.836621718 0.6603600658 0.3034679227 0.080204628 0.731992657
0.6757970906 -0.273402336 0.6321048345 0.9934520638 -0.668133869 -1.066594622 -0.143961569
0.0646208202 0.3808901817 -0.232728862 -1.783095164 -0.159305993 3.266876256 -2.690525726
0.2889559913 -0.043885902 1.0957469202 1.0450613339 0.1626168688 2.2071620142 -0.827173297
-1.145514976 0.3532965906 -0.228420894 1.5946682898 -1.626907468 0.5057512983 -0.528179816
2.8657447224 -0.689832735 -1.060992803 -0.78592125 0.0931043712 0.7652251169 -0.473154949
1.0489699959 -0.692149561 -1.216294306 -1.256477118 0.9282378336 0.5353114606 -1.037763824
-0.071811197 -1.805603092 -0.256194686 -0.358598022 0.4471180812 0.0176816987 -0.109513248
0.5055118025 0.9896699582 0.4248890131 -0.415492431 -1.160935145 1.0877739677 1.1752663246
0.0449178591 -0.062097792 -0.449065686 1.499894966 1.1045498244 -0.413901819 0.3190208526
0.4708762655 0.0265777262 1.0437636157 1.5783369403 0.6614593226 -0.033318856 0.9615790638
0.4764992337 -1.121392422 0.342491019 0.8486269552 0.451787165 -0.436536801 -0.833989275
0.7023719442 0.5747930942 1.2043543315 -2.322943519 0.3642754521 -1.521944363 1.6749486423
0.1338976184 0.3115025053 -0.200851231 0.0742345973 0.6379004713 -0.486243074 0.8145351735
-0.85464933 2.7293058278 0.7729564462 1.0968672869 0.500402798 -1.533451584 0.3375461552
0.1272085574 0.2500645321 0.5212436752 0.6254456547 0.9450574035 0.0452991442 -0.38480792
-0.588727131 0.3793356383 0.165173504 -0.773661405 0.6856747259 -0.7580616 -1.91400525
-0.866505188 -0.379145177 -0.323562841 -0.162590597 -0.069607669 0.1188059605 0.7503228205
0.0881208099 -0.016213332 -1.457790748 -1.107419075 -1.509410621 -0.374682551 -0.461856658
0.120949895 -0.145211292 -0.707923212 -0.325439358 1.0032107716 0.5165470419 -0.421834913
0.5347401546 0.3951790699 -0.571088365 0.4082331236 0.0244342074 -1.785663982 1.0221321673
0.150581607 -0.141619795 -0.262292591 1.3378519206 -0.280835044 -0.651262585 0.0563402876
0.4334847868 0.9034465646 -3.085764461 -1.404506734 2.4896283059 -0.9897554 -0.847163346
-2.636709546 -0.904361183 -1.207137393 0.8357000706 2.7158254284 -0.088484291 -0.449142558
-0.949041407 1.3193701528 1.3278179991 -1.430263562 0.1615250537 0.4264183896 1.0870219397
-0.900448477 0.1653338715 0.7249477984 0.599715995 0.5614685893 -0.049115236 -1.107289066
1.5310783833 -0.506881903 0.2485077164 -0.774819871 0.255444142 0.5011828913 0.2183571286
0.1663531601 1.0758344641 -0.270228052 -0.615786504 0.0760129501 -0.278041987 -0.498035099
1.4179008763 0.808318066 -1.50051873 -0.848159647 -0.639691766 -1.264897177 -1.245893025
0.5208031356 1.6480584686 -1.408279272 0.5724696832 0.6951876286 1.3392346341 -0.437058534
0.3112322445 -1.928204629 0.7364469979 -0.244031322 -1.020211115 0.2500725334 1.0373336261
0.0011234772 0.3585776886 0.4129578576 0.7097945305 0.5139493779 -1.949100563 -1.822072109
-1.168041121 1.5441928375 0.5516220838 -0.370634814 -0.497909105 0.7978796056 0.4106541956
0.6557937887 0.5187588458 0.923246807 1.5424693475 -1.196440428 0.5905075927 -0.79089226
0.8117153939 -0.664293788 1.273429747 -1.146711098 -0.071624289 -0.740052427 0.3012217136
1.6118906123 1.1638728716 -0.954698631 1.6150958006 0.3680888554 1.2346199571 0.2665674906
-0.399025091 0.5695610148 0.3136474465 -0.341485956 0.3911804032 0.6565288426 0.8331565325
-1.095708293 1.4115189875 0.5456684496 -0.309568444 -0.307867782 1.5330726249 -1.017878556
-0.086215044 -0.979168729 1.444878813 -0.531488224 -0.073995074 0.3557737651 -1.377426941
-0.867956525 -0.162712948 0.8190146601 -0.497406892 -1.736166576 0.018443503 -0.043884094
0.2066468236 1.2755910301 -0.615539779 0.0409811103 1.4512267426 -1.970133821 -0.806380739
-2.277078975 0.7229754345 -1.020596773 2.1137299084 0.8976120658 0.3677447159 -0.154440154
-0.125892731 -0.604342735 0.7827187439 -0.320514068 -0.853875189 0.936746432 -0.796364618
2.2660040573 0.5422301723 -0.012960313 -1.221028383 -1.310839521 0.1054137688 -0.03547758
1.1406792742 -2.081960964 -0.023533131 -2.159662659 0.1272532985 0.0303564119 -1.544601619
-0.720924449 -0.006810053 -0.062838346 0.5323363524 0.7601783366 -0.042055722 0.7717314707
-0.641074552 1.0388394211 -0.942265419 -0.503717958 0.1514135113 0.4558649428 -0.579854886
1.1000927572 0.1588003478 0.66465227 1.2484478995 -0.436176148 -0.161564463 -0.706863291
-0.336526299 -1.318019735 -0.315740057 0.2756709456 0.7404160275 -0.323307061 0.0306737227
0.7503052496 0.7266093451 0.0064646354 0.1487300523 -1.355302597 1.237766554 -0.197510901
1.7283250794 -2.534614127 0.0438947085 -0.007964442 -1.402554997 1.1770671657 -0.80394505
1.5348277595 -1.617240362 -0.724110706 1.8311573608 -1.694848492 -2.490156133 -0.353267748
0.8317893332 -1.532019713 -0.899732082 -1.253796687 1.156726814 1.5857298537 1.8529496094
1.4181504881 -0.863696244 2.2131274353 0.9157347823 0.7985806444 -1.345969814 0.4578447874
3.2300218878 0.0737124219 1.9987943154 0.2510000534 0.3874153178 -0.27901249 0.2430737194
1.6330432079 -0.572653286 0.9487917614 -0.567238599 0.0218832939 -0.706633035 -0.333237742
-1.15241493 -0.005778884 -0.659831993 -0.714525863 -0.646048595 0.5770324576 0.8653683048
2.1456604448 -1.231250508 -0.321195988 -0.353339299 -0.741286958 0.6375430794 0.102591758
1.0648690195 1.3426064596 -0.59092172 -0.182285632 0.8640042829 1.6824310228 0.8704541368
-0.075693765 -1.33647741 -0.070619609 -0.791761243 0.8879432803 0.2057613432 -0.417867605
-0.864256976 -1.21910122 0.865340605 1.08532394 1.9137680178 0.0057214263 -1.550063362
0.0105742737 -0.481814826 -1.246682012 0.6640614939 -0.977425195 0.1594794431 -0.189882648
1.5608503082 1.6798220475 1.3001957446 0.0886548756 0.0283676789 -0.261807733 -0.146645012
1.9104169189 -1.348184645 -0.296780599 0.2803835459 1.4161088406 -1.015640122 -0.471346183
-1.269601627 1.3549261204 -1.135264014 -0.918049367 0.5734791311 -0.813012948 -0.675642097
-0.503198997 0.1421585676 -1.118567264 1.0309530051 -0.083094921 -0.553468389 1.5377962423
0.1042629702 -0.119512836 -0.578636073 0.1195677348 -0.46488353 0.6024756145 0.0104033008
0.4359296237 1.6563220826 -1.925893084 1.1328968138 -0.793456283 -1.227408518 0.2404150388
0.3604175488 -0.400620216 0.1626050438 0.6285836223 1.209494281 0.1772851198 -0.880520089
1.2188694312 1.3800026754 0.0075789972 0.9180259956 -1.209224197 0.5576657747 -0.238826615
-0.371967124 0.4235261245 -0.463009128 -0.147320887 -3.005512758 0.3632226106 -0.08521916
0.4301634087 2.4607738334 -1.097546517 0.7773553266 0.0072824237 -0.883837475 0.7833914996
-0.65669628 0.0476750345 1.5409674107 0.4005812887 -0.348984293 0.4472466435 -1.466422795
0.4014835812 -0.126332134 -0.02383739 0.4490086944 -0.245548415 0.7566800608 0.3437427651
0.1596349677 -0.797352237 -0.394353467 -0.481420878 -0.683013471 -0.517559938 -0.952072683
-0.390588573 0.9415628251 -0.518387449 -1.315871092 1.8345125457 -1.065080267 -1.582059335
-1.427473875 0.4905091909 0.2455072318 -0.773098531 -1.753306192 -0.020524791 -1.355618093
0.6440601191 1.3811511194 0.2307060675 1.2586301704 0.1302520913 -2.43795167 0.505055817
-0.835294319 0.5334259406 -0.065683376 0.8778902369 0.0048180405 0.2641558143 1.7638420695
0.6868895922 -0.131840272 -0.440228705 -0.08722928 2.0822194749 -0.370757356 -1.443099672
-0.747108016 1.5932619247 -1.213372033 -0.374476864 -0.372880159 0.9932954288 0.3297472745
-0.351732964 -0.12231856 -0.47899858 1.2055937659 -2.476713009 0.4877153252 0.2813639351
1.7748560758 -0.582338 -0.588776669 -0.300165419 -1.041013742 0.4147408836 1.0316160228
1.3793903373 -0.615988261 -1.33920458 -0.202548858 -0.635889973 1.5923615198 -0.589726246
0.4225253391 1.1276327437 -0.744165209 0.2362946107 -1.147559928 1.0800198219 -0.935087175
-0.514925646 1.1505492111 -0.066220185 0.4158725986 0.2063733177 1.6463151235 0.3987021425
0.8960088785 -1.784527981 -0.624663295 0.6430804734 -0.382910268 0.5340331526 -1.685842269
-1.661176818 1.7355501844 0.3889247512 0.6679097178 -0.25270654 -1.552807933 -0.287414972
1.4753787017 0.6288967735 -0.419841483 -1.21307329 0.1933702215 0.6390474579 -0.846293645
-0.101822212 1.2300586606 1.5330962422 -0.437071523 -1.620436124 0.2883425934 -0.973827612
0.8112890628 -0.23919279 0.8644239883 -0.543844292 -1.18257612 3.2426275263 0.2215026853
0.4056652523 0.3003000808 -0.871063148 0.4863911929 -1.033046208 -0.165081035 0.9035189934
-0.591567916 -0.602401176 -1.479654614 1.525179337 -1.245925948 -1.885628867 -0.006567467
-0.307209294 0.3277796691 -0.315500773 0.867179307 -0.005338576 1.9466363132 0.1724274171
-0.181111933 -1.584568502 0.1109647894 0.1403560894 0.3333070207 -0.971977397 -0.702116027
2.5710609549 0.8407508062 -0.334524476 -0.80764999 1.2676198973 0.3022061455 -0.932663585
-0.069596417 -2.53735727 0.1606662251 -0.061927368 1.0595869182 0.1564234795 0.7949841106
1.8431159585 -0.164167552 -1.123704935 0.1609780716 -0.383982718 -0.333808078 -0.100119819
1.4905940137 1.294141213 -0.129168284 0.3421900724 1.3083739058 -1.307367099 -0.932542763
-0.824769218 -0.753650864 -0.335118235 0.3604486264 -1.650453732 0.8916749966 1.1006225795
1.3412557042 -0.182639423 1.6706072974 0.0019011933 0.134808522 0.3266497643 0.8636308093
-1.859956727 1.8215930491 -1.211905254 -2.46809535 1.5077795537 -0.368259759 0.6695580666
0.5001862339 1.2601525974 2.9512517145 0.1000949823 0.0737306616 1.7992734551 0.5971429009
0.744373191 -0.592248508 -0.417967058 0.8070921385 -1.217619249 -0.090483595 -0.589233128
-0.795408337 -0.780918828 -0.182126356 0.8231937557 -1.732588178 0.4190860533 0.0620160933
0.5788432406 0.5581517398 -0.159085036 0.7787139174 -0.932903323 1.05692749 2.0755041371
0.9763300128 0.1085275019 0.2643669602 0.1755005849 -0.441581054 1.477987116 -1.440153409
-2.87861384 0.5714136644 0.1631411369 -0.596865197 0.8420936835 1.2928366598 0.8766870217
-0.127839435 1.2080200602 -1.2614015 -0.120821733 0.2658212344 0.482133354 -0.355104392
-0.839295534 -0.210996931 -0.999500342 -0.808091686 0.9352778223 -0.724558285 -0.038498448
0.371926107 0.3740311842 0.2002457781 1.3537834977 1.2402520401 1.019290881 0.4824644633
-0.714316462 -0.563900407 -0.806894894 0.7065254861 0.4051197203 -1.234062972 -0.575184914
-0.173101221 0.1406843917 -0.064743039 1.1396483331 -1.758752997 0.8853694802 0.9134804261
1.0714316158 -0.202549638 -0.369288478 -0.712383612 0.8844442863 -0.677484033 -0.618023659
0.3270052704 -0.732118408 1.6068438798 -0.505439468 1.441605748 -1.418424879 -0.321894864
-1.337957225 0.8070543694 -1.478347621 -1.644526724 0.055378373 -2.281829335 -0.467849595
-0.496744286 -0.454724888 0.5554525252 0.5569749177 1.9988832714 0.4138469588 -0.88225609
-2.245801328 1.6375888155 1.8327002641 1.7729095319 -0.860371036 1.2319631705 0.9338790995
-0.711159165 1.3072868455 -1.135413086 1.647803196 1.0760151834 -1.588020049 0.3810854811
-0.377712052 -0.132732098 -1.22228571 0.5059859693 -0.485019384 -1.232226582 1.1772110808
-1.536677209 -0.987494835 -0.550876687 0.9856609758 0.8352158259 0.6248021005 -0.457261239
0.4493757976 1.0433657675 -0.232901913 1.4551143744 -1.505099372 -1.62491819 -0.589010982
0.0598927961 1.0185023787 0.7906243629 -0.717503345 0.8123353348 2.2201734717 0.7026500647
0.3035655911 0.7266161806 0.0393329393 0.0694296191 -0.498755461 0.1241334039 0.1735381032
-1.939497327 0.4741028335 0.9859503814 0.7176926221 0.6283790957 -0.085970814 -0.331538806
0.7429191969 1.236951742 -0.194451184 1.1136680964 -0.109192084 1.1300450471 -0.13369829
-0.972737614 0.930200712 -2.792826722 -1.060631792 0.9643257908 0.2451309553 -0.129053321
-0.129895553 0.0908114088 -0.550236371 0.6877090292 0.3148911862 1.3060868768 -0.548469072
0.8311149272 -0.84558016 -0.666466187 1.0477722789 -0.214244601 -0.243812424 -0.197666156
0.7869576889 1.9180515832 -0.59138025 1.112801405 -1.608838483 0.3086791091 -1.607365379
0.6342408998 0.872001872 1.7446290237 0.6839438017 -0.854002281 -0.322256641 -0.253641698
0.524091029 0.2743183123 -1.689486781 0.8050385443 1.5174673164 0.1413585462 -2.077580056
0.8560651889 1.2386339744 0.0480773266 -0.134087481 0.140955479 -0.599688907 2.6450472357
0.1086257695 -0.345413823 -1.270664386 0.9317853916 0.7451906035 1.1997595602 0.2030077832
-0.788587651 1.2388822622 0.5163785904 -0.867489519 -0.378086501 -0.341321835 0.0670190819
0.4346650404 -1.114493735 -0.089326579 -0.764501852 -1.130902226 -0.227062307 1.2448400984
0.7425909756 0.0468066026 -0.888722782 0.1305859413 0.3331147797 2.5165402048 0.2895749961
0.6105065428 0.9997360141 -0.594342699 0.6593540697 1.131183042 0.1156721817 -3.362637306
0.0918043652 1.5189195976 -0.381407318 0.0897204769 -0.222947889 0.5519573466 0.7379279987
-3.508355275 2.3174196683 0.2914828895 1.1288236862 1.2974177978 -1.017890406 1.4235761876
-1.436212036 0.3526537432 1.7862160037 -0.315150198 -1.34695728 0.6710764262 -0.084194602
-2.660510776 0.8795168945 0.5912018554 -0.457805181 -0.630914247 -2.189918018 0.2758592768
-0.062551387 -0.154706423 -0.659464336 0.7245761392 1.5535306153 0.4008177439 -0.530840704
-0.1437994 0.4634756635 0.7419376111 0.2659536177 0.7261388446 -0.938732942 0.2749988537
0.2330236073 0.5931646057 1.2239140019 -1.047837714 -1.446906533 0.4347928391 2.1899091323
-0.027172689 0.3092023106 -0.737593796 0.628642306 0.7540686015 0.2925840407 0.3344899088
0.1801854927 -1.79845238 0.5024975385 0.0484630263 1.0410911493 -0.804865099 -0.376566199
0.3397975864 -1.272791453 0.4911501115 -1.53839607 0.3007406869 -0.037119892 -1.505763066
-0.471478405 -0.84542737 -1.478982575 0.2597645024 -0.569148309 -0.579128915 1.4762174908
-0.062935061 0.1558984366 -1.735376979 0.0921836985 0.8457334905 0.2408871502 1.0487572945
0.5117302318 0.5603149838 2.9456660072 0.4900753594 -0.347395167 -0.820588992 -1.962636301
-0.257318073 1.035035453 -0.324983807 -0.499519423 1.540864776 1.5948033757 -1.258819317
0.3981452992 0.1918176529 -0.010436256 -0.284095837 1.2046553526 1.0279404175 0.7328824792
-0.260209064 0.5371845322 -0.077896362 0.8181555952 1.4130925826 -0.119805681 0.6465035577
1.443282019 -1.116749908 -0.235465609 1.5205250333 0.2124655571 0.0340289734 0.0637926487
-0.098926345 -1.217790272 0.6149725769 1.2162565404 -1.070024385 -0.73757552 -0.262583529
1.9235727891 1.0004875179 -0.046957581 0.748576401 -1.091896383 -0.464165669 -0.292163887
1.1465953229 0.2228803588 0.5130154072 1.2187107085 0.6526208852 0.624826872 0.189685526
0.1989960033 -0.009830429 0.2764074928 -0.104771298 -1.419539113 -0.602724069 -0.355458398
1.2165378025 -0.327150442 -1.278388333 -0.913164263 0.7460112895 -1.128367941 1.2393256414
-0.716361973 -0.118773442 0.77908324 0.5162400721 -1.117062381 -1.007417145 1.0650105846
-0.90076793 1.4712752105 1.2164298151 -0.488943102 0.0428626547 -0.545639315 -0.529605169
-0.170640782 1.2277596197 -0.059608054 -0.873784368 -1.523182021 0.0281475745 -0.680614935
0.9483577953 0.2139451891 2.3345051813 0.5607170349 -1.317943442 0.8768089938 0.4729810372
-1.773891828 0.9281848897 1.291439172 0.1139683344 -0.356530605 1.2750412888 -1.317851905
-0.497333424 0.9009785746 0.365903085 1.130752608 -0.830825525 0.2174457362 -2.955707861
-1.148949594 -0.246890704 -0.44816689 0.1612265446 -1.528507106 0.4288644196 1.0196825783
0.4888532649 -1.476567832 -0.802213207 0.7582833501 -0.629701549 0.7507580464 0.8259313511
-0.269967481 1.9949656768 -1.023943796 -1.451201476 0.0192130434 0.2971932732 -2.315706089
-3.616945122 1.9136330896 0.298776247 1.1008091438 -1.298583211 0.4625895723 0.4286968105
-0.201412206 -1.822316643 -2.190423038 1.1289492559 -1.40983627 0.6255390251 -0.802181054
-0.993364423 -0.498639941 -0.605773192 -0.762094172 -1.565276576 -1.369490522 0.1810642538
-0.746769034 -0.730544854 -0.352409441 -0.583434316 -1.288664092 0.6370554505 0.5184569896
-0.470957046 0.3083679052 0.693168514 -0.488718538 -0.030673164 0.0540882675 0.5034434091
1.1750504846 -0.962970314 -0.60895392 0.6003358196 0.1119857468 2.2994666164 1.3411746958
-1.876306922 -1.864399488 0.7838366218 -0.802143687 0.7077021436 1.4363729876 -0.472627147
-1.425750741 1.5052706256 -1.951020174 -0.095890726 0.5945466655 -0.90573172 1.1650626517
-1.843099865 0.3598362224 -0.264481814 -1.885582888 -0.299006128 -2.082791982 -0.299260908
0.435098655 -0.145111991 1.1086122671 1.26084486 0.3060481439 0.0980825463 -0.505761063
1.3926799062 1.1218654902 -1.35156347 -0.106036609 -0.06448137 0.2991562451 0.2816773492
1.83604161 -0.328926409 -0.050049466 0.1827243547 1.4586806616 -0.634215818 1.2975682241
-1.414827569 -0.1404571 -0.50851808 -0.138699601 1.091832349 -0.278345537 -0.603821851
3.0368121654 0.9280930235 -0.221289262 1.3831304521 -0.74941023 0.3352462585 0.873533625
-1.414397234 2.3181238158 -0.33023114 0.0311140173 1.2470559029 0.2328655343 -1.68616148
-1.225920722 0.1049195909 -1.434749042 -1.325340611 -1.879455285 0.8995665607 -0.775200504
-0.887058871 -0.367656153 1.2996856675 -0.970692549 1.3964998499 -0.214306365 0.1430402292
1.2464684933 -0.31800034 0.2565528817 1.2528566816 0.3536651399 1.6277308791 -1.1572823
1.4063214354 0.3512201557 -0.215625523 0.8483371396 1.6692435765 0.4901979782 0.3557672172
-0.45787643 0.8439196641 -1.461907953 -0.76752054 -1.775391667 -1.693033654 -0.730506959
-2.467745738 -1.447510992 1.9614162349 1.4995488204 -1.204060906 1.6323739878 0.368627298
-0.290318474 -0.110082977 -1.458213077 -1.600091843 1.401916245 -0.968110037 -1.023394759
1.0879317709 -0.384608106 0.848476794 0.3231123488 -1.090063378 -0.035742238 -0.207859457
-0.993792995 1.6721365736 0.2256279347 -0.31170846 -0.459148472 -0.148890444 -0.374821094
0.3669297624 1.5191844212 -0.69212745 -1.705890513 0.8215817666 -1.207623997 0.1023152575
-0.998841923 -0.811285639 0.1724686703 -0.72516065 0.1393351419 2.1522327751 0.9652502584
-1.174267102 0.2562548871 -0.324275816 -0.592408706 0.5731350335 -0.410836044 -1.081074408
0.5613250972 1.6694701435 -0.406396672 0.7010590933 -0.838859234 -1.54216852 -0.992985336
-0.837899124 -0.020186917 0.2893884036 0.9037400953 0.5628225129 1.5161404757 1.3667754928
-0.525445991 0.4986957397 1.5500913162 -0.17950124 0.0708288996 -0.017056288 0.9557448067
-0.940173489 -1.155413042 1.1522075958 -1.513259966 -0.363278822 0.1368375267 -0.268188567
0.9658797865 0.9757183945 -0.147554413 -0.062235472 2.0152665218 -1.341935369 0.1362686275
-0.697606147 -0.795688588 -1.540311551 0.7210845412 -0.883864927 0.3030425368 -0.330056686
-0.947782917 0.0502064881 2.8536175462 -0.101337396 0.3908295355 -0.333486579 1.5166925033
0.9257511821 0.442303909 -0.607139988 -0.470762073 -1.084519214 0.3044084479 0.6389221411
-1.528611058 0.8470857774 0.3896583981 -0.47715019 0.9830614653 -0.626564406 0.2468364127
-1.343634694 -1.264150567 0.3153057602 1.3647938237 -0.760026258 -0.203474466 -1.713214054
0.9560325417 0.425503759 0.2017288634 0.1022045626 -0.448450447 1.1560166651 0.2880325028
-0.30895148 -0.298780553 0.5954060284 -1.136396403 0.3925204464 -0.797242618 -0.439734349
0.5478012645 0.1679065241 -0.525826435 1.2277677617 -0.222948027 1.6065144619 -0.372344305
-0.00963936 0.7461652546 -0.255034763 -0.346894567 0.3402207174 -0.067998574 0.6891572328
-1.593354867 0.2008509072 -1.002054143 0.0760965971 -1.586171434 0.7274057854 -1.934140841
2.1032777672 -1.04834017 1.1114189904 -0.367617855 -1.471103892 -0.356040975 -0.510612196
-1.490948048 1.9779963702 -0.370530651 1.2022132568 0.1828835155 1.19017 -0.037058614
0.8576442204 -0.338665577 -0.542990135 -0.310684791 -1.006260272 0.2953546146 -0.150989461
0.4052380423 -1.403008349 1.2531519872 -0.078442915 0.149151223 0.2781031338 0.7226087432
-0.500027126 -0.0498339 -0.10637858 -1.426350739 0.867205319 0.4384653463 0.9509709244
1.2356085652 -0.14898671 -0.018217318 -0.386080412 1.082433932 -2.955771637 -0.94366867
-1.502175697 -0.104078487 1.0445750344 1.2637288106 -1.402771062 0.5464429577 0.6730837431
0.9589255706 0.435530895 -2.712476457 0.8097054729 1.6843974491 0.7541655708 -0.987123217
-0.767772867 0.389342352 -0.176108697 -0.496835192 0.1291537838 0.1530024941 -0.673747838
0.1678403935 1.1220139354 -0.241551521 0.4582492318 -0.325674314 1.8247334003 0.2193905485
0.0353093991 2.0562997142 -0.945298757 0.40116862 0.1684132543 1.0678298382 -0.689842343
0.9360180567 0.1169770741 3.2144441594 -1.28344348 -0.17241358 -1.724632277 0.4970520359
0.4519035888 0.1364484183 -1.291307254 1.1118720411 0.6610858898 0.6931081476 -1.430023087
-0.024999983 -1.690117836 -0.993637652 0.3262001333 0.0100420348 -0.258336512 -0.39550562
0.2692068097 -0.982268426 -0.269600749 -1.760435991 -0.995533955 0.136530489 -1.543048946
-0.960981975 0.5027643269 0.1971726592 -1.200867673 0.394225139 -0.203419943 0.162065665
-0.208554428 -0.430268724 -0.628120125 -1.051064729 0.6074893005 0.7528134039 0.2210035891
-0.041630403 1.1122312873 -0.618848558 -1.44930775 1.0691567173 0.8891626921 -0.400847551
-0.210718351 -0.613023035 -0.609637083 1.1604929776 -0.484590985 1.9456195486 0.1380316251
0.5845202481 0.3973696517 1.0572724311 -0.305703879 0.8080473244 -0.137141814 -0.186654587
0.248203133 -0.073156121 0.8250601705 -2.200351617 -0.192840596 -0.472980019 -0.935168046
-0.120833687 -1.524639656 -2.05916681 -0.237774184 -0.208198431 -0.679880145 0.3187604688
-2.159310787 0.7653780686 0.0096100218 -1.230541231 1.1658868693 0.9386615988 0.8313770591
0.4128656354 0.581677303 0.0513775109 -2.069339906 1.2979101562 -1.350029869 -0.278469436
-0.299044589 -0.263123493 1.034403998 1.9465021171 -0.509568942 0.1032251784 0.8470686565
0.813242434 1.3299880544 1.0788565401 0.4598415086 -0.645841585 -1.711848099 -1.448992755
1.3951789211 -0.17768502 0.1821236676 0.4414862211 -0.773628515 -2.010983003 -0.647519393
-0.07902475 0.4234233864 0.0440067657 -0.219814914 0.0394686207 0.5682272764 0.319769183
-1.210767652 -0.087211876 -0.6607518 -0.555196506 -0.219000441 -0.723041249 0.0986540487
-1.521652478 -0.722907191 -0.668262251 0.1601276932 2.1501155646 0.9332693058 -0.487833235
0.4249951492 0.3990031262 -0.272488742 -0.029418346 -0.595611581 -0.178301377 -0.378467862
-0.441413207 1.0372920568 0.8908054285 0.5054856229 1.3329472299 2.7473742663 0.5087761877
-0.610031272 -0.913921083 0.8929495552 0.4064900346 0.8751230452 0.2016875409 0.2322054115
-0.163448222 0.8124369612 0.44494108 0.561259205 -0.857848215 0.0761438736 0.3835023509
0.7449003875 0.2607678599 -1.770532512 -1.032536575 -0.508375217 0.5179099242 2.2772302191
1.5921191635 0.1903677921 -0.399532965 0.6097618645 -1.106231926 -0.903272054 0.2060083969
0.7338840804 2.1646122537 -2.720914612 0.6228353999 -0.931241368 -0.598473065 -0.250915827
-0.970070136 0.6945965004 0.0842362349 -0.983262764 0.4285344612 0.5931635138 -0.332758803
0.7366771308 -0.865348915 0.8978684549 0.022718019 0.6170829965 -0.042176604 -0.413556778
-0.486823047 0.0371011398 -0.715903472 0.5373509405 -0.527759725 2.0145756984 -1.704136722
-0.736512048 -0.533489741 -0.709665796 0.7816625932 1.1305893374 0.5041173002 0.117762838
-2.197649974 0.9993972564 0.5889945892 -1.719666542 -0.444340546 1.2251642257 -1.160286236
1.4072462677 0.31686138 0.2941739613 -0.323610185 -0.658249303 1.2108507771 -1.052167283
0.1784818173 0.8689555605 -1.064102917 0.2730984491 0.3654204707 0.2013060333 1.2795420391
0.10808352 0.0699137221 -0.565495469 -0.621518816 -0.076371897 0.2427172896 -0.470239509
-0.482089959 2.3220573509 -0.664316657 0.8460897108 1.3706247661 -1.012335959 0.1334606242
-0.867469397 0.4197550972 0.4683038078 -0.562700985 -1.93202933 -0.566067135 0.4451656314
-0.754386571 0.9335590776 0.2673782434 1.9466949141 1.081566476 -0.013793673 0.6238815155
-0.480707851 -1.495742885 -0.977573715 -0.01895935 -1.004810015 -0.18443193 0.2746836748
1.8290432595 -0.755650324 0.2306295178 -2.611995158 -0.774509144 -0.993217572 -0.010914512
0.4847523766 -1.415153246 -1.569183687 1.0957532376 2.1489149387 0.7338537221 -0.894092822
-0.569575445 1.4665927777 1.5272280296 0.5987813557 -0.869289844 0.2620644055 -0.654061572
0.1849425956 -2.321491076 -1.193185394 0.8130304409 -0.253634273 0.5312377233 -0.603862535
0.0547631382 -1.484449428 0.3305664765 0.1745374743 -1.673313708 0.7546729292 -0.787831811
2.0943127369 0.1628090435 3.8479203955 -0.565472672 -0.710112926 1.400633355 0.1794564753
1.7885531516 -0.375845426 2.5130452962 0.0387944524 0.5963194471 0.8103214058 0.174817004
2.3081383829 -1.552184102 0.9798750096 1.2822235026 -1.609814349 -0.181424208 0.9404921906
0.561082465 -1.524245622 1.1477437411 -0.897778968 0.5437213772 0.1092031617 -1.142558845
-0.605243855 -0.974327888 0.3497356103 -0.177602297 -0.858497031 -0.711404789 1.4352038311
1.1402112372 -1.516998418 1.0486421 -0.102054342 1.102987864 -0.263590684 0.0306042391
0.823242604 -0.900615459 1.5613565333 -0.715702158 -0.037558514 0.9501122974 0.0696328482
-0.266011171 1.9946733225 -0.367888038 0.0309055033 -0.107180696 0.8662995645 -0.287481572
-0.734476967 -1.311946601 -0.268807716 -0.968995742 -0.171788413 -0.990925247 -1.199101033
-1.447171602 -0.449985065 1.5514866176 -1.163168533 0.6831525499 -0.554597757 -0.20265441
-1.230468198 0.129616638 0.1712903166 -1.342315117 0.7824330288 0.075066588 1.9731854973
0.3407779612 -1.014047919 -0.282558272 -1.116207197 0.8163153884 -0.031213731 -0.165274224
-0.103058167 0.3815030525 0.5351537708 -1.180015647 -2.196513602 -1.012464516 0.4190807505
0.0967382716 -1.526424088 0.0200772947 0.2126700123 -0.405820179 -2.147516395 -0.726836189
0.975679413 -0.236643864 -1.43093534 0.9809203376 -1.835070177 0.4058781473 1.4536432093
1.0396294244 -0.010441094 -0.079366673 0.3844780645 -1.163081175 1.2870974558 0.0964172599
0.4314723166 -1.634038807 -0.437245086 -1.211913032 -1.244588657 0.7237979804 -0.79338341
-0.725845483 -0.651771761 -0.274329174 0.8064303918 -0.359636098 -0.843054206 1.4287434351
-0.74422796 1.8707229379 1.2245592506 0.915987277 1.5246371534 -0.69385387 0.7292216989
0.3568402509 0.3854319549 0.813309596 1.6349624174 -0.26019443 -0.871858315 0.5867618156
-0.581930042 -0.631712545 -0.029695319 0.0026569929 -1.118758288 -1.188423121 -1.311455798
-0.184993114 0.4793563605 1.560718284 0.330928758 1.1109908634 0.63984927 0.7181348539
0.2071004595 0.064753845 -0.426136443 1.2760436664 -1.212509815 -0.236753644 0.2276701132
1.7998463757 0.4144363967 -0.504659819 0.3590193231 0.7434449827 -0.787999921 0.0629411017
-0.306703264 -0.155021713 0.937021167 -0.567178732 -0.499520924 -2.353050056 0.0765841283
1.2047351006 -1.126646138 0.5284597492 -0.894350913 -0.324638212 -0.341316931 1.2712623202
0.4253642622 -1.140625422 0.3929129255 0.1469083897 -0.50160311 1.8260811959 0.001290091
1.3434947241 0.6482163106 1.3553128076 -0.256677887 -0.339884341 -1.406946024 0.6741879195
0.0757183953 0.5660167464 -0.586333581 -0.716688062 -0.158742998 0.9945513646 0.5964176534
-0.900295966 1.7957273574 -0.634270585 0.055959725 -0.252768897 0.6065264983 0.3921765741
-1.031366389 -0.576519994 -0.574052663 0.3579059649 1.4966942539 -0.323679133 0.4484810225
0.3229759676 1.4786924042 1.0772107105 1.0308883386 0.0937047417 0.199179185 -0.757766289
0.7917980138 -0.189201313 -0.776324286 -0.717937665 1.2445137231 0.3275579929 0.0722557548
0.0593039257 0.0022563387 0.2144813392 0.1393968574 1.1999471933 -1.222530813 -1.503000946
-0.398859745 -1.560506289 -0.203969163 -0.557148681 1.0135512634 -0.024083228 0.2924050984
-1.618546547 -0.054907999 0.8366801168 -0.820481445 1.3295530516 0.1444600995 -0.428852352
1.4893438462 1.1676146981 0.1994976459 1.8467184685 -0.557763291 -0.256959779 -0.706667837
-1.181338105 0.4570905117 -0.569813802 1.7786434 0.4832354277 -1.789218202 1.3116850446
0.8444826125 -0.658527439 0.7838259543 1.0910440275 1.151481712 -0.877133146 2.0054128909
1.7598053757 -1.455025183 -2.014926649 0.2575866764 -1.845017306 0.1599836012 -1.874258085
1.8175422714 -0.550822434 -1.080966762 -0.959729336 1.6039517172 0.6856220982 -0.910923109
-0.001627751 -1.153626573 -0.352337873 0.3102949657 -1.131976287 0.2123630238 0.8713647286
0.1554118132 0.6523885087 0.3874962752 0.2626566472 -0.141828152 1.6983828445 0.3699425546
1.0009318516 1.3747545256 -1.399100267 -1.934534901 -0.088503498 -0.479256958 -1.426749684
-0.642700947 0.3155357349 -0.577926782 1.1263129776 0.8620828802 -1.443347917 -0.565433538
-0.979011474 1.3253604486 1.1520200989 0.7302821169 1.3031185208 0.8958234587 0.1363871867
-1.379239859 0.7611715214 0.1363585899 0.5225062407 0.5466584853 -1.126210409 0.5728001323
0.5299610926 0.4381901898 -1.44514723 0.0474679029 -1.323266263 -0.348451669 -0.752978341
-0.374698681 1.3975923769 -0.216692826 -0.69150917 -0.993802919 -0.165739128 0.1871080468
0.544174198 0.4541767771 0.2462108781 1.0012865034 0.753436398 -0.847707306 0.4834833101
-0.168791 -1.09783925 -0.093611541 -0.395511168 -0.01866332 1.5381696981 -0.949542548
-0.380198415 0.0409395905 0.1985753006 0.9141855389 -0.105366318 1.5860723084 1.0897581664
-0.168652566 -0.271294069 -0.050281895 1.3214783563 -0.373534258 -1.316551909 -0.689942929
-1.047277947 2.2913253209 -0.676994104 -0.329676101 0.1794149075 0.1938458074 -0.162193442
-0.632503524 -0.080637577 1.0248417252 -0.293138881 0.6836230804 0.7382921909 -0.462731169
-0.294159301 1.3872321789 -0.136958002 0.6185637717 -1.452449382 0.5264122367 1.0367669382
-0.845339132 -0.535391009 -0.247809748 -0.421509499 0.7926235413 0.4196629506 1.4083438966
-1.400423785 -0.804848826 1.2617250908 0.8759586172 -0.121187711 -0.870306357 -0.365040842
1.0127396686 0.858344188 -1.080234135 0.0517781639 -0.386590554 -1.447841208 -0.450969915
-0.064827904 0.0056388531 -1.029234128 -0.946927712 -0.411127917 -0.491104472 -0.130110848
0.7890391297 0.1416148339 0.7363059066 0.2477552442 1.9568118693 1.2583561928 -1.149831534
-0.209594 -0.504872901 -0.724231159 -0.289005081 -0.114509466 -0.780031258 0.4312040916
0.7229743094 -1.19938407 1.048422846 -0.311804388 -0.029261391 -0.882267064 -1.946891232
-0.524620354 0.0811094536 -0.392800058 -0.506298444 -1.481622608 -0.15106752 -1.703426444
0.4733501167 0.0651129511 -0.123690209 0.6740802427 -0.552595353 -0.36945526 -1.70930596
-0.30855267 1.3444230955 0.9752581285 0.5271340028 -1.671866652 0.5454593381 -1.671512674
-1.600393115 0.6498787153 0.1410651475 0.092547051 0.2381115009 -1.192665313 -2.220225226
0.3156722415 0.3892442472 0.5878315735 -0.607384266 0.2464672817 -0.744370685 1.0911376555
1.0339132409 -1.620457444 -1.167767052 0.0803416953 1.160412908 -2.214138975 0.0592690215
-0.699659559 0.3581107865 -0.927816657 1.3798462451 -0.418295511 2.0099897663 -1.333339114
-0.516753148 -0.686595129 -0.785220942 -1.36173242 -0.146907786 0.1845710702 0.3622585689
0.196617688 -0.333796031 -0.584757069 -1.620056871 -2.050840725 0.2159507106 0.8263708965
-0.581653116 -0.239528046 1.1791890074 -0.265708203 0.5136924062 0.2251641904 -1.298464516
-0.536745275 0.6732070686 1.1367620424 0.705129496 -0.876299315 0.4544919783 1.3931346715
-0.995295284 1.3077551333 1.2446805435 1.8897751968 -1.633440664 0.3463287934 1.4174349244
0.5787973679 0.1386834321 0.1423419234 -0.152380128 2.2751122811 0.1092110549 -2.231125393
-1.016229437 1.4974731323 1.2789652812 -0.437348533 -0.087395665 -1.981724723 0.3146257119
0.1903502501 -0.10792231 1.0199729021 -0.170683291 -0.549421898 0.7320507442 0.8994892569
-0.63168185 0.1405443657 -0.359006515 -0.464912499 1.1271457949 1.1708560279 -0.30970729
-2.139373083 0.2729636393 0.8054651638 -1.380772206 -1.587172757 -0.539962673 0.3940981254
-0.938340254 -0.073704965 0.2932810783 0.484155087 1.2900939093 -0.23791182 -0.216822465
0.0615019888 -1.367233499 -0.26835321 -0.653622799 0.89180444 2.381707575 -0.18074801
0.3142135232 -1.023284945 -0.258102482 -0.09708653 0.9624165655 0.6463739271 1.3934564154
1.5608952005 2.2017707016 0.4980328359 -1.136112718 -0.433707831 -1.120108336 -0.425853099
-0.225229148 -1.413376154 -0.163453685 -0.01549426 0.3784911337 -1.384805192 -1.11969736
-2.020208403 0.2095281767 0.7561485457 -1.883301369 -1.637871833 0.0276925317 0.1808617455
-1.760026165 -0.492892911 0.375245768 0.894179011 -0.729369736 0.132836865 -0.134112794
-0.225331489 -0.957183158 -0.530550616 0.8911978794 0.914581869 -0.028511705 -0.460351903
-0.187929209 -0.199526228 0.543509903 -1.051952265 -0.574636134 -0.755234764 0.5058228821
-0.615778705 0.7769975711 -0.425301964 0.377021095 -0.167252342 -0.643355724 0.3831711341
-1.35198213 0.197681626 1.7554514044 -0.756447289 -1.882806846 0.5195423517 0.5145273569
-1.237035522 0.4822435104 -0.887533947 1.7309037475 0.323520383 0.3000136828 1.409815351
0.1443310112 -0.725419636 0.9896728759 0.7148348531 -0.497477521 0.1413521883 -0.635966268
-0.099012739 0.1466661063 -1.77246877 0.1242322454 0.4598011683 -0.750676795 -1.351638662
-0.217946531 -0.58769883 0.7663748061 0.0673815081 1.9965804885 0.791821792 1.1532473462
-0.317012757 1.1991037078 0.2197481333 -2.023145181 -1.848765943 1.3746377973 -1.597861008
0.3025311151 0.0071747656 0.021699606 -0.916326824 -2.309192138 -1.75592456 0.6381995155
0.8982700788 2.286230755 0.0055778665 0.7745034351 -0.887141389 -1.46528592 0.0245888783
-0.264684876 0.1049839821 0.838150745 1.4692920865 -0.565422938 -0.384095841 -2.899026733
0.3499152638 1.9778958666 0.3884071775 0.5943775486 1.0868475832 -0.87579368 0.0264220658
0.637400694 -0.060007924 -1.039516937 -1.236288654 -0.257905772 0.3888992415 1.1441414168
0.1534552351 -0.817778244 -1.443017451 0.6783533309 -0.32286297 -0.49198798 -0.714609471
0.2964131367 -1.252994539 0.2635421226 1.2510894286 -0.900706729 -1.534283088 -0.848477526
-2.205371347 0.0586866703 -0.438487943 -1.839068954 -0.522000379 -0.760942606 -1.690310731
0.0769111676 -0.74642326 -1.228445264 -0.669863144 0.4634067589 1.225025208 -0.390654098
1.1059796965 0.1885003932 0.704643068 -1.759087809 1.7375533516 0.1433664725 0.587662333
1.4143099466 0.1153535686 -0.147381023 0.1631603866 -0.345121511 0.8100842137 -0.976919185
0.5879372006 -0.21622297 0.0056488502 -0.562588294 -1.417262003 1.065517094 0.2983669523
2.0969702302 0.9449885716 0.4320045977 -0.273588567 1.6000042389 -0.88676962 0.0548712674
0.792420033 0.2337217708 -0.276597641 0.0765929284 -0.35834492 0.3372619385 0.4867348217
1.6852089979 -1.435883914 0.5479478291 -1.321452954 -0.054952481 -0.804437411 0.9473197913
2.9093533446 -0.454788058 -0.79133434 -0.054976743 0.0767416922 -0.853185714 -0.249754105
0.5281242929 -1.666816958 1.4468080157 -0.551189501 0.5560211476 0.6670580153 -0.680395967
-1.44827449 0.6537349674 0.6561992767 1.3004486229 -0.411007717 1.7136378117 0.2299531396
0.145127414 0.716571087 0.205344564 -1.004816564 -1.194853744 -0.072148882 -0.683633008
1.1731492621 0.5688028519 1.2612582294 0.7097161046 0.0026318989 0.8972624275 -0.399211859
-0.608224296 1.1198292116 -1.969896367 -1.402039714 -0.357445763 0.9383754849 -0.1921137
1.4712119045 0.6289116562 0.1538906168 0.3209434173 -1.52115093 1.6477664368 -0.802439147
-0.240154225 -0.338771175 0.3748368547 0.0547136601 0.9561489365 1.5898708216 -2.153358565
-1.556954027 -0.114349062 -1.021530845 -0.498873597 0.7159712563 -0.694845895 0.0977934219
-0.973400122 -0.061370554 0.7129018668 0.0860357728 0.1571384039 -0.602426145 0.4481395725
0.2151370735 0.0243986361 -0.179756712 1.9428366317 -0.00580886 0.6009728079 -0.290335719
0.7692945336 -0.486650767 0.7192139506 -0.900488524 0.7533535944 0.0943937855 -0.831796988
0.7511742888 0.8402551863 -0.371214548 0.7236523594 -1.866421077 -1.783157531 0.3560758271
0.2220443147 0.0894026004 -0.251427294 0.4328166308 -0.498249865 -1.853393785 -1.179925216
0.866903973 -1.266008635 0.8512410767 0.2319074968 -1.31461147 -1.003415924 -1.232820795
0.7619212892 -1.646076618 -0.423476735 -0.472527501 0.4580632687 1.9349468369 0.3861010961
0.7371322531 -0.818592051 0.3125549819 0.0265514872 1.7022725374 -0.632452454 0.4723624138
0.6884850927 -0.187715188 -1.484050544 1.0316557569 1.0925865932 0.9484186708 -0.858131606
-0.303847945 0.9359926419 -0.862364177 -0.823052702 -1.149486673 2.2104879587 -0.395185382
2.0189240423 -1.439697578 -0.4926818 -0.623963628 0.9144299492 0.6222933864 0.7821163223
-1.92303125 -0.544677653 0.4538346199 1.6055654096 0.2169444681 0.2226890057 0.1041819895
-1.020547334 0.3709259595 0.7887590599 -0.193427019 -1.310670369 -0.064616835 0.8887817186
0.6802611161 0.8461009083 -0.982624125 1.1667648224 -0.216054452 0.8038263573 -0.62584588
-0.461093686 -2.37935705 -1.593575309 2.1795503966 -0.311203412 0.2855045434 -2.050662828
0.6770653993 -0.365767249 0.7068063471 -0.171878818 -1.967379075 -0.22534275 -0.751204101
-1.597957335 0.453329637 0.5383250438 -0.461911912 -1.614402126 2.5769605835 -0.655546201
3.0522817093 1.339112582 0.9071169558 0.0443834565 1.7494021933 -0.027991309 1.3257889189
0.7491071959 1.2420538485 0.7991138234 -1.719167757 0.7847089134 -0.924077351 -1.08923363
0.4515085883 -0.079446438 0.2914090522 -1.227528036 0.8570144092 -1.641397095 -0.608603657
0.0095979609 0.3405593501 -0.745875941 1.1077489344 -1.258091991 1.5003210108 0.6209646273
1.1099306893 -0.282744183 0.7897920374 0.3009670474 -0.160992747 0.8560586016 2.2156381105
-0.006536258 -0.935577928 -0.074209553 0.6388940134 -1.377536832 1.2643000364 0.6586903622
-1.245672633 0.952669741 1.3162351333 1.4827759983 0.1797926735 -0.902370933 0.1712286662
0.1787551571 -2.097214359 -0.399387217 0.3341464229 0.2856392016 -0.149371493 0.8218192661
-0.3672444 1.6457230034 -1.620873663 0.9382009991 -1.105070161 -0.012339419 1.0544644681
-0.152770764 -1.165294822 -0.757057124 0.8103348971 -0.012727101 0.1333378772 -0.763981854
-0.519996695 0.062065716 -0.335320696 -0.588473437 0.3737952388 -1.270040342 0.2085111242
0.6040599897 -0.658249021 0.8641601918 0.6837634082 -0.3652462 0.2277583171 -0.214826251
-0.879292601 -1.499625632 -1.363872268 -2.46808153 0.2301638702 -1.542623855 0.2350701866
0.5684847006 0.0432369266 -1.332773756 -0.85037624 1.3358014304 0.5216768734 0.4138480971
-0.440597811 -0.139743753 -0.604027777 -2.011481285 1.877461633 0.2126703426 -1.308798134
-0.92867737 -0.629577791 0.5063007688 0.572259215 -0.962079852 -0.273144748 0.1193903381
0.1934499133 0.2184462769 -0.627856205 0.315079885 0.685341707 0.1291417625 0.3486282152
0.4542248708 1.3218063387 -0.544375723 0.4763612672 -0.761171776 -0.026942787 0.2074614556
-0.501949461 0.8715074046 -0.437066138 1.1313772413 0.1467671235 1.4294138519 0.6421635204
-1.591108126 -0.519447345 1.4331438981 1.3125446376 0.4358727671 -1.998402878 0.113180968
0.9252532371 -0.129133217 1.4933819583 0.2102099361 -1.221509911 -1.212654548 1.8150336787
1.0580122647 0.449006813 -0.000244643 0.4912893934 -1.345352446 -1.040349935 0.3778702096
0.588428963 1.3549554261 -1.78459061 -1.236494631 -1.662967242 0.6074156496 -1.250051359
0.0828109436 -1.250358315 0.944950665 2.2042960829 0.7779139971 -0.610107713 0.2831451894
-0.784799674 -1.377203595 0.1548274941 -1.639492955 0.4755391609 1.363475738 -0.41219524
0.5521131169 0.4848555412 1.2115188835 0.1484904579 0.300081209 0.3390684296 1.7784115018
-1.116104893 0.3469695785 0.9281427298 0.0119509844 0.0500449977 0.45539787 -0.00239783
0.1446795395 0.3865284713 0.1600557071 0.4736831788 -0.290146745 -0.783212399 1.7904311481
0.0768314692 0.8055918095 -1.784240657 -1.332052065 1.2939932521 -0.318999889 -0.217247634
1.2119729954 -0.29230226 0.365358799 0.7840084525 1.8046593317 0.4922290586 0.757666466
0.2196467212 1.2545414458 1.1585810504 -0.91831887 -0.52061092 0.7214909411 -0.907556732
-0.829127159 0.6410517468 1.2558184688 0.9128681331 0.9172710718 -1.722145666 0.4700030024
0.7415211446 -1.714957578 -0.560550163 0.0455758355 -1.561480436 0.2416473191 1.3636442921
-1.181936409 -0.392616347 1.3341736584 0.316520705 -1.465985191 -1.832809917 -1.692589334
-1.53420004 0.5625104631 0.1381386394 0.6487480776 -0.585482361 -1.185403422 -1.541612877
0.9497885011 -0.703863178 -1.860744484 -1.574411389 0.9035665329 -0.181670054 -1.359728478
1.0379907507 0.0599223926 -1.671477952 -1.712430019 0.8694939389 -0.200410683 0.3250897474
1.4852791983 -0.286154286 -0.192943659 -0.45446727 0.2016560144 1.6871000063 0.3095253087
0.0744488974 1.0551482021 -2.01605745 -1.081975816 -0.010230893 0.4991779265 0.5146033814
-0.178193053 0.6728809648 0.3072023556 -2.010195707 0.067121153 -0.368619814 -1.729554539
1.0315554176 1.6200964791 -1.121160072 -0.007224791 1.2689841011 -0.544335625 0.2404054407
-0.370848202 2.3303697088 -0.348376965 0.4078333828 0.9126060576 0.6508674528 -0.76123587
0.4396520563 -0.048570374 -0.874714267 1.1491130356 -0.266990486 1.2757777053 -0.002151162
0.8720600358 0.6568703682 -1.389478184 0.1643908804 -0.111934089 -0.268768551 -0.064546791
0.7451101667 1.4310568098 0.3187244479 -0.377357863 0.9714441738 1.0791207974 -1.282748026
-0.54875487 0.559801192 0.9013593689 -0.993960993 0.6652106867 -0.596698843 0.3595528328
0.7212782111 -1.426563742 0.4570621214 1.6790314334 1.2455323951 0.5206236226 -0.62629938
1.0969071386 -0.55199872 0.4481256754 0.0629244864 0.1529474106 0.4993500233 -1.442998688
0.1989703673 -1.622868776 0.8906891121 0.9027854389 -0.692766456 0.6947433917 0.682429471
-0.153861933 0.4418720108 1.5876524312 0.8422357784 0.180488252 -0.572721859 0.3705165078
0.7762606748 -0.710209129 -0.263360351 0.7884692599 -0.109002786 0.8630728076 1.0856847978
-0.745973652 0.2500518555 0.5226397827 -0.894552831 -1.31056065 1.4739557269 -0.648066293
-0.022171976 0.0921666913 -0.927715881 -0.198417507 0.1409209714 -0.420681882 -0.566770764
-0.229043243 0.8440258981 1.2120709923 0.2415713197 -0.60201188 -0.225142376 -2.214873926
-1.183438844 0.319066206 1.5881077153 -0.401500556 0.983893283 0.4544710836 -0.334286437
-2.57436546 0.5060424065 -0.839727981 0.0084465596 0.6037720549 -1.318544665 1.75649628
0.8336611206 -2.402773249 0.9270340523 -0.81025095 -0.212087403 2.448977913 -1.241938754
-1.029938421 -1.040519766 -0.633868752 0.8097946694 0.3689014206 0.0961569999 -0.916598416
-0.090550343 0.0469718714 0.0175904464 -1.547510913 -0.622920273 -1.671693861 -1.157408176
0.3503764334 0.3910698668 1.284744751 -0.554094912 -0.815588635 -2.237002212 0.3282560672
-0.208128491 0.4614508401 0.7335245919 0.0234746249 0.235760634 0.1321970027 -0.025680239
0.6004268329 1.9317090256 0.9020780179 -0.123632262 0.0591417589 -0.160589636 -0.9344441
-1.735370422 -3.153560552 -1.094859478 0.384806175 -1.287294197 0.6524614314 2.5579220604
0.2868901439 1.0196566869 0.1389871985 -0.889093863 1.167751851 -1.067158809 -0.851883471
0.7866528176 0.8026657589 -0.405372398 0.3907785345 0.3855326288 -0.372394578 1.8088445612
-0.983107883 -0.618418082 -1.071083789 -0.701373032 -0.3234355 -0.709322083 -0.122325492
-0.520911021 1.8688321875 1.6526334218 -2.043250561 1.1758959286 1.5085275074 -0.868060324
-0.343245074 -0.207302395 1.5638175835 -0.710116203 -1.980841279 0.4796746444 -0.077664915
0.427676044 -0.563502696 -1.322949843 -0.932618477 0.4276360477 0.2303590666 -0.663786199
0.0247851288 -1.014980749 -1.012833278 -0.747097969 -0.007050113 2.0219226296 0.2476961819
0.9347045552 0.006140876 1.2763001977 -1.43927708 -1.464912691 0.1483522726 -1.193726079
0.0967694024 -1.495453393 0.3009181675 0.3332522699 -0.147494565 -0.684615923 0.4774117841
0.7464627685 0.213121837 0.3747074375 0.9153763683 -1.108658894 0.7169574791 -1.199635693
0.6372759806 -0.087089969 1.1561253192 0.2200093178 0.374331821 -0.253599661 0.1523488145
0.5152523209 -0.174052327 0.5325561857 0.421716602 0.1440313546 -0.485890745 0.2130609448
1.4821291058 -0.435860783 -0.075268622 0.2684535376 -0.807976081 -0.40171967 -2.104479878
0.3907939015 -0.973900667 -0.494456041 -0.424938751 0.795101196 -0.557183518 -0.355574584
-0.293808687 0.0136732296 -0.801048777 -0.703051829 2.4841744994 0.0777245975 -1.185620979
-2.176086727 -1.341668634 -0.370363836 -0.279964235 -0.488730292 1.4401510104 -1.305291065
0.2314564629 -0.426255074 0.0209315184 0.5650743006 -0.456335311 -1.40539725 -0.727254387
1.400406816 -0.406051266 -0.721871902 -0.48227522 -1.123538421 1.7033850937 -1.374696511
2.3672638417 0.9146519451 2.314249791 -0.65758711 0.4421330758 0.3762182136 -0.275063204
0.3780236835 0.3571649604 -0.516435571 1.2380955138 -2.508268225 0.6225153835 1.1726122923
0.0404336314 -0.246754679 -1.177160514 -1.442974002 0.4974362295 0.6342131456 1.3726477415
0.6019684912 -0.635943594 1.0214148475 -1.134200926 -0.386921093 -0.396174825 0.2883018014
1.9822757357 0.0950689815 2.4468747724 1.4001997677 0.0012627815 0.1926118972 1.643057075
-0.694763315 -0.643381563 -1.797707098 0.0241031657 0.5377493725 -0.349694692 2.1413062139
1.1678435577 -0.691136537 0.9283147723 -0.992743819 1.3810878465 -0.945842321 0.4012279558
-0.358315774 0.4148698425 -0.858856629 0.0887918867 -0.88706041 -0.200319167 0.6450828916
-0.271959666 0.2285991334 0.6055406921 0.19113294 0.7064477964 -1.151676745 1.144533495
0.2420095628 -0.305400997 1.0492459451 -1.21755878 1.2496314692 -1.636378094 0.1754586229
0.7767483054 0.6290401474 1.2722379446 1.0233288942 0.8666503873 -1.525186718 0.8262594712
0.7498246235 1.3878317626 -0.590919378 0.0750832024 0.041251882 0.3369096898 -1.222852238
0.7234149801 0.1212632491 -0.454655575 1.298372969 0.0646005937 0.1093580449 1.2696029222
2.0129131503 0.9810099303 -1.692595647 0.8431346117 0.4394399226 1.412199658 0.9237309875
0.7017711216 -2.195261429 0.1294437558 -0.845516686 0.0574368006 -0.237599271 0.3793718644
0.2466733703 0.2694634376 0.8622414291 -0.272749548 0.0242516049 -0.80157015 -0.223498844
0.6624759152 -0.007616855 -0.874669541 1.1364471844 -0.394954471 1.1626705347 -0.29354527
-0.357116577 -0.644223601 1.1377334427 0.4668387515 -0.545334247 0.2467387411 1.1148408746
0.6153546678 -0.150923514 -0.442549154 1.1275988192 0.4239229242 0.095949663 0.7678637289
-0.453482839 -0.176361799 -0.78876209 0.1593969003 -1.188481505 1.1602698008 -2.862947078
-0.129201862 0.3073023819 0.4267118868 -0.473524455 -0.090725331 -0.350191817 1.3894743853
-0.944768647 -1.068357029 -1.18483999 -0.023347665 -0.121376437 1.0057760815 -0.679799558
1.3128206037 0.1755078192 -0.276832265 0.3353498512 0.0828013826 0.5397714643 1.5332286022
-0.604601731 -1.265649479 0.3096827689 -1.361289223 0.8936606749 -1.396498175 1.5464454364
1.2565800811 -0.09292333 0.7420173364 0.9804435347 -0.167820272 -1.495030465 -0.340034103
0.5606441907 -1.99377086 -0.17827048 0.3636725615 0.1316363286 -1.503883651 -1.620307084
-0.895326048 0.6555924997 -0.675624335 -0.642730452 -2.290878608 1.065599623 0.605689493
-0.574495585 -1.118831876 0.6186143 0.1640981686 -1.374199225 -1.429607681 1.5808018305
-1.139219949 -0.608324734 1.1743448362 -0.526890773 1.8316251187 -2.035613416 -1.129596293
-0.469642704 0.1888319369 1.938334536 -1.625785955 -0.363301227 -0.224717339 -1.541053696
-0.88196022 -1.078005185 0.1595380609 -0.014892747 -1.874578106 0.8310343006 1.8796756254
-0.25211478 0.9727707773 1.2152589176 0.8696912305 0.3937771878 -0.126110875 2.7432876886
-1.280143674 -0.274783042 0.5471159766 -0.101878382 1.3528312181 -1.976583981 -1.561427859
0.0944504864 -1.369634813 -0.044182836 0.4033345788 1.0456493648 -0.344591847 -0.095096298
-1.268098313 -0.077077493 -0.019559061 -1.447182464 -1.055845948 0.8925975331 -0.414893277
-0.334880881 0.3777082773 -1.596897924 0.2864919059 1.4513465864 0.9557310646 1.5404404752
1.4861954876 0.3106282004 -0.005664097 0.0426902728 1.2246040867 2.6016289076 -0.609290504
0.587859248 -1.778618514 -0.018628538 -1.027083681 -1.160674505 -0.614415047 -0.370132093
1.5444091826 -0.227032302 0.0123754456 0.4489269333 -0.814623388 0.6648729985 -0.223462796
0.6773814587 -0.307626875 -0.469642587 -0.635360348 -1.864016664 0.1046543411 1.3454037877
-0.138225471 0.7134818835 0.8933299863 -0.146784281 -0.61867238 0.5363667874 0.2510534458
1.5251227846 0.2397072042 0.7785482435 -0.395620464 -0.544149934 0.5416014018 0.6754895421
0.6157885052 0.7738401683 0.5004926095 -1.208470333 -1.243877154 -0.229355946 1.1464423868
-1.049984928 -0.435771199 1.1579665465 -0.9453346 1.0671483825 -0.651758789 -0.359169183
-0.148456413 -0.959915536 0.132351689 0.6277889073 0.8493508814 -0.924357937 0.1442927747
0.845644187 -1.449033558 1.1147052297 -1.660467093 0.8891820472 -0.649357736 0.0937753472
1.1846146345 0.6573463728 -0.152543798 -0.532345189 0.2602547095 -0.954904887 0.0520717064
-0.733723654 0.3861452173 1.5394757592 0.3350716237 -0.660861128 -0.779149677 -0.725909145
0.1348854636 0.6831673489 0.4344982322 0.6283287302 0.2318530554 0.2523552121 -1.005934149
0.6366873995 2.1450385331 -0.296362688 -0.186850568 0.4078986521 -0.441145781 0.3831746032
-0.367469126 2.3444753449 2.2406226299 0.477731851 -0.360709998 -0.423100077 -2.362063148
-1.230942459 2.0333148386 -0.105911005 -0.050966906 0.721766097 0.3168204443 0.6210205731
0.5304174752 -0.386225052 -0.852643693 0.1805946227 -1.815736851 0.434445023 -0.128800408
0.0864452229 0.3497031814 1.1672246083 -0.461544886 1.2567793143 0.7057221486 1.0159561069
0.5103018454 -0.737797867 -0.89289953 -0.334695702 -2.089971656 -2.392369752 -1.204888223
0.8209781503 1.0854502181 1.0929960267 -1.244363279 -1.084882798 0.7667112813 0.2780783361
-0.421417488 0.1344434515 -1.346267059 -0.48999213 1.0104123986 1.0361823401 1.5648374047
-0.069561445 -0.07401255 -0.899807529 1.5544865099 -0.85817737 0.2697379753 -0.547662521
-0.48100856 -0.509127271 0.3027949299 1.0490588546 -0.212106507 -1.854777813 -1.734681291
1.3758843135 -1.470238727 1.7820063523 -0.391952684 2.2557319806 -0.705562697 -0.56137358
-0.98314719 0.1173892938 1.4369347949 0.6231195622 1.5404844551 1.251972269 0.4853553894
-0.565940953 -0.693469181 -0.432129594 0.3375117911 -0.547760291 -1.320840994 1.2721080211
0.4118890081 0.2274518822 0.4117213793 -2.701260385 -0.533848902 0.008339665 0.7385710699
0.3206966331 -0.632305006 0.4672469453 0.6018429917 2.1797535404 0.0355317256 -0.138254041
0.9103677344 1.5219998276 0.2982808126 0.5633489797 -1.304256631 0.8477605131 1.0333663278
-1.241936745 -0.755900038 0.5327392577 -0.165995868 0.2560121298 -0.270910118 -2.565512332
-1.385895813 -1.494152673 0.8997447069 0.8865643321 0.8233696779 0.3441390061 -0.338087886
-1.81226455 -0.932806684 0.492703243 0.3866165307 0.622881368 0.6635950708 2.0515572877
-0.506326638 -0.58248179 -0.065806505 0.510537272 0.1009641303 -0.555468441 -0.345695862
-0.621556615 0.6253329899 1.3959981439 -1.011954682 -1.069086544 0.3918348387 -1.436487243
-0.978837967 0.0106481517 -0.337412803 0.5150157278 0.4911516703 -0.956167074 1.3797530141
-0.181275132 0.8650425748 -0.659965594 -0.436984809 0.2118955313 1.0258419636 -0.582352505
-1.077946191 1.2352355362 -0.357702901 0.7029489818 0.3206195206 -1.8784992 -0.928544321
0.3675945932 -0.05221772 -0.309712225 2.8353960225 -0.689700517 0.5837154579 -0.399166715
-0.2535938 -1.462480982 1.3762157054 -1.634100324 -1.266222963 0.2415627056 -1.183081541
-1.133836049 -1.080859238 -0.665008391 0.0006443745 -1.909266395 2.4394226889 -0.351218484
-1.314214129 1.7322714575 0.2904056746 -0.031679719 -1.013024177 0.6937919943 -0.403099305
-1.646949591 1.0396863452 -0.058442159 1.1407835816 -0.056338169 -0.315248677 0.5907315444
0.4305676929 -0.443201601 -0.908182659 -0.680409365 -0.31521059 -0.42577343 0.3225177826
0.4748571215 1.2465888491 -0.928197784 1.6460618996 0.3521034476 -0.219647902 -0.050499146
-0.438167932 -0.676916658 0.3854898813 2.5575470363 -0.76592193 -0.757495736 1.0840024484
-0.556003274 0.1107168111 -0.93491257 1.6046483497 -0.306608716 -0.048595928 -0.750659377
-0.948282101 0.9597985757 -0.125440565 -2.028545403 -1.113492242 1.3150564391 -1.326515493
0.7640601411 0.6959066541 -0.06335452 0.4528552964 -0.032879608 -0.602233035 -0.392529115
-2.281791116 -0.088287779 2.0626662453 -1.523669733 -0.21139878 -1.493844437 0.4317538563
1.4230300735 0.9601545202 1.8862277425 -0.136468919 -0.318102187 -0.047957626 -0.437892856
-0.069961187 2.2037684027 -0.835359421 -1.752152531 0.9068296832 -0.095228586 -1.17053202
0.34330582 -0.940933539 -1.66967358 0.2046561091 0.8568082978 0.4440584558 -0.457114679
1.8797298856 -1.661035262 -0.065470462 0.1169972897 -2.564174223 -0.715303357 -0.141110263
1.0020386026 0.8997801299 1.1466695924 0.2854633443 -1.13445984 0.4799357304 0.8404052076
1.2299642187 0.5029574514 -0.558664659 1.0445371524 -0.113531528 0.4458921753 -1.317949428
0.1199728241 1.9913287103 1.1537869303 -0.968196428 0.382712082 -0.137789739 -0.832144404
0.43932912 -1.202713688 2.062087067 1.3893949341 0.3523928063 -1.560219924 0.2302509425
-0.239355363 0.8533823106 -0.863807152 -1.39364831 1.2545165986 -1.15603864 0.0099754062
0.8442336204 0.822880946 -0.83989541 0.5873538061 0.3615729887 -0.562326264 -0.278385497
0.3303540964 1.1544226751 -0.269825124 0.4371715402 -0.71505883 -0.550052497 -0.335670221
1.2151532314 0.0720450233 0.1341734409 0.5826097724 0.4909554694 -0.970501522 0.169728839
-1.747786137 -0.408652481 -0.225873905 -0.582473627 0.9087315203 1.398039194 -1.125743421
-0.996833171 0.486108335 1.5425258109 -0.03598639 -0.945266733 2.1714173529 0.0452462047
-0.780987141 -0.335605312 -0.612513422 1.1851106285 1.3637657226 -0.21042402 0.1213216393
1.1644783396 0.6003008279 0.5219594908 0.7309684041 0.3167260494 -1.954462293 -0.477834128
0.6557988846 0.4254822575 0.10450259 0.5152820787 -0.630549825 0.7667808043 1.196542691
0.9571463311 0.5604297199 -1.54791441 0.6076897052 0.178439576 2.1714981331 1.3294530326
-0.6509237 -0.383753793 1.0727071469 0.5425189608 -0.051808815 -1.053469538 0.4534200807
-1.357974547 -0.976104889 -1.768419003 0.1494503697 -0.484863657 1.9018218032 0.3392631069
0.5080054653 0.155166147 -0.692842759 -0.859385947 -0.126135591 1.7915631684 0.3663583839
1.3891762838 0.135369627 -0.743448378 -0.509515313 1.0573679155 -1.337932203 0.2298294906
-0.053253721 1.2043980046 -1.269803649 -0.551934585 1.0542910163 0.447983145 0.8105396
-1.530329963 1.8276768047 0.8144399936 -0.301958154 0.3070968336 -0.357784095 -1.563454606
-1.023638709 -0.769651451 -0.511854701 0.3684146412 1.1176653374 0.3805877936 0.460121194
0.0681913009 0.5250642072 0.2984536205 0.9388904564 0.5168722372 -0.122958357 0.3471281006
-0.449930065 1.2583280441 1.3523168849 1.1602316944 2.3429882879 -0.900817897 1.2610661926
-0.978096501 -0.498405561 1.4784699534 0.6845922928 0.9117331559 -1.013671985 -0.525139589
1.7204699808 -0.51521531 1.4315103878 0.1714514338 -1.233665862 1.352398637 -1.008680616
0.4658424136 -1.608281879 1.1866896215 0.726591736 0.9641395948 0.1525813182 -0.458269989
-0.177948947 -1.040647233 -0.659346729 1.1087217744 0.4123554541 -2.018484577 1.6355288954
0.1405171161 -0.940742642 0.47808004 -0.75972488 -1.077783848 -2.863378762 -0.199660083
0.6093321912 0.3444593167 0.0412051757 2.6118994926 -0.348079688 -1.697965415 0.3446099328
-1.416898324 0.3010227911 1.5165323789 -1.913456837 -1.036285197 -0.412752742 -0.649532009
0.7231736153 -0.620195909 0.613502795 0.6835762724 -1.559448538 0.2727414151 0.3439424615
-0.199450693 0.0891008337 -1.998414763 0.6847137552 0.5712589329 -1.19370457 1.4326082268
1.0504027344 0.6718500457 0.593597964 -0.825425604 0.8837551907 -1.735334235 1.1692088936
2.8199424109 -0.954851171 -0.216048092 -0.17031118 -1.722359486 1.157183158 0.089193098
0.2862185716 0.6760472366 -0.649478131 0.2367595354 0.408154964 2.3619470899 -0.825770314
-1.717494413 0.4596486118 -1.407510503 0.9779673856 1.8401403907 -1.398377474 1.2128183847
2.3311826624 0.183665905 -0.964754343 1.7013799768 -0.134816138 -1.191951797 -0.324776715
1.9132600908 -0.343333853 0.4396238108 0.9525256702 0.1931046528 2.4402617142 -1.492527881
0.3111932926 -1.53956166 0.049412802 -0.087392528 -0.180078699 0.2020880912 -0.951442768
0.6773963735 -1.479274028 -0.722447242 -0.731161408 0.2495177719 -0.933972579 -0.0090279
1.7870364123 0.712402356 -0.963730876 -0.971619991 0.1351842437 0.0421388304 -0.155434696
-0.972939587 0.0091039415 -1.15946746 -1.21938711 1.7965123882 0.830364713 -0.014112712
1.0146041431 -1.017411751 1.5074729559 0.3659721168 0.5054807031 -0.251837856 0.4520193319
-0.520420737 0.2233753923 0.5605596914 1.0485064436 0.4086397177 -0.815889215 -0.965182851
-0.178823352 -0.22441257 -0.436501495 0.2391180713 2.0025235148 1.4101109685 1.5236424593
-0.880637686 2.343684919 -0.027652752 0.005645081 0.085535864 -1.908728966 -0.677373233
1.1071519319 1.2282754637 1.3551159638 -0.540925675 0.2180124949 0.9829082097 1.1967395244
0.2962102267 -0.653273906 -0.027834065 0.6406640754 -0.42406481 0.0969740534 -0.121509415
0.2819419279 0.5522807425 -1.313211476 0.5048088922 0.3759009861 -0.563395928 -0.291437953
1.9502640588 -0.095311724 -0.398853072 -0.506863809 0.777150501 0.6322053527 0.6277029784
0.4842181244 -0.203862529 0.0627367259 0.4039330284 -0.694284152 0.5880552877 0.6898398314
1.204594471 -0.638254659 -1.426213859 -0.590784326 -0.969551861 1.4080440392 2.7926199513
1.350159143 0.3503333832 0.3328801866 2.1200016618 0.145586945 -0.266441333 0.292063132
-0.623602948 1.412687584 -0.370869893 0.561333747 0.330743685 -1.073953755 1.4826021326
-0.628027051 0.339676497 -0.965208098 -0.066624707 0.2447650164 0.6562637633 -1.316415267
1.5597106142 0.4752127411 -1.923359696 -0.588663607 2.2900178638 -1.614844897 0.6838779077
-0.123975079 1.7725957572 0.5377777059 -1.20605616 -1.640957783 0.0317744929 -1.198307075
-0.529227529 0.8564243602 0.576593213 -1.260912782 1.0082879051 -0.200767185 -0.702931129
0.6004592722 -0.533852949 -0.185973784 0.0425504353 -0.720041604 1.4942513575 0.0294950239
1.7758230461 0.3970419319 -0.958985098 -1.35940409 -0.727301965 -0.575771691 -0.298553135
-1.331567554 0.4452845591 -0.709637582 -0.413725511 -0.192708887 1.246914036 -0.783228556
0.3050630765 0.8646363938 1.4075164089 0.034438534 -0.204790394 -0.163080891 -2.047301818
0.8348564294 0.5319961547 1.2320194333 -0.386451818 -1.028412038 -1.291253205 0.4988831641
-0.924218445 0.0611513549 -0.507495859 0.7030649513 0.3156393993 0.30655628 -0.302730646
-0.915224661 0.1087380684 2.577987066 -0.699491409 -0.620485273 1.6934400705 1.7127948088
1.0081514394 0.3442067868 0.1771437424 -0.773957589 0.4805497707 0.7332939515 0.389256305
1.0630318119 0.9158280335 0.5584536623 -0.595748006 -2.03096497 -0.34320509 -1.036873116
-0.777238973 -0.192602272 -0.832433076 -0.397342638 -0.045480695 0.5347194545 -0.655244416
0.1687600538 -0.578524076 0.9414512534 -0.700355854 0.0619875375 -1.171249276 -0.151593105
-0.812023823 0.1428141162 0.0266009644 1.049796773 -0.824828012 0.9400016976 0.4397474782
-1.113592783 0.3346860138 -0.890017007 0.1653645918 -0.861599332 0.5877327936 -1.759821994
-1.512519687 -0.382352546 -0.000653053 2.032916174 1.0013713921 0.3234737709 0.4103342122
-2.362258114 0.6235434192 -0.911521063 -0.452189865 -1.513348372 1.4560589634 -0.518562223
-0.242103162 -1.599546661 1.1931011972 0.9095712728 1.3996535325 0.7067857377 0.2107884767
1.4962570892 -0.985785992 -1.011993914 -0.708850891 0.0929478881 2.510287394 -1.009863007
1.4766805352 0.368746234 2.1586165253 0.3029419486 1.9524265292 0.795199386 0.8712183308
0.7882540726 1.4927638181 0.2602174906 -1.498922202 0.523636223 -1.395930508 -0.254775123
1.5465560649 1.1886809487 -0.788481049 0.4503884009 -0.391020326 0.8575035091 0.5794068543
-1.210715906 1.0342266934 0.6910784126 0.0025306276 -0.033172335 -1.940133518 -0.437639384
-1.784708284 0.0568182985 0.1440347342 -1.727242529 -0.935046452 -1.278345482 0.2645137723
-0.365285172 0.3805756187 -0.323359635 0.2697123705 0.129665232 -0.08207973 -0.844085572
-0.632352228 -1.720657735 -0.221330944 1.0090090164 -1.291983236 -2.386744674 0.5233334193
0.1073658751 -0.0963732 -1.089881345 -0.312358084 0.8595936839 0.9662736919 1.0398567575
-0.823872471 -0.312402167 -0.887254946 0.2796455557 0.9206409048 0.1031011 1.1778105227
-2.251531127 0.4704356442 0.7055175012 -0.341995579 0.4154995833 1.4615065936 -0.40957409
0.8028477667 1.057229416 0.5303503912 -1.308468366 -1.081635534 -1.501919276 1.1694954915
0.6558571803 0.8825775164 -0.88638268 -0.530687393 -1.965622444 -1.627946461 0.883695723
0.2266856485 -0.123994566 -0.35610584 1.2473358419 0.479294253 1.6251997732 1.3656239092
0.5987993327 0.9843232665 -0.229150888 1.3616025152 -0.725877148 0.5020647423 -1.037486456
-0.357899668 -0.394699484 1.5294402688 -0.715090775 -0.800958067 -0.339439801 0.6140601499
1.1614159815 -1.319814674 2.7600685267 1.394080453 -1.133247232 0.6673256686 -1.1574292
-1.550236455 0.2873215701 0.3367636136 0.2705518787 -0.035083833 -0.334218249 -2.402872521
0.8681149161 -1.673883858 -0.421117767 -0.799361114 0.0354221212 0.5271720016 0.7922800794
-1.342960033 0.4995586056 -0.173861973 0.3000577874 -0.52038119 0.2513629108 -0.635687255
0.1626050021 -2.057193811 -1.255616868 -0.398166966 -0.211423446 -0.706616227 -1.469571202
-0.231838292 0.5193693275 0.0206243322 0.3153355781 1.8947173614 -0.129024684 0.8238272756
1.8085942856 0.9828397055 0.7893661694 1.4747779019 0.217008813 -0.099290513 -0.578455366
-0.57523566 0.2626447231 0.216336703 0.1160738918 0.557517951 0.7688645347 0.1847244088
-0.80925127 1.0057710321 -0.773906335 -1.38657005 0.6087020388 -1.35858534 1.9774510305
0.2644869061 -0.971144226 0.4875455143 -1.656005022 -0.396584541 -1.366935318 -1.062130675
0.6742728775 1.2719893291 -0.131356262 -0.774202891 1.0991979444 -1.621614208 -0.295158161
0.2293100054 1.900320652 1.6652345827 0.0416983643 -0.410602891 -1.458597553 -1.218227002
-0.53454554 -0.387954584 -0.173442193 -0.246140763 0.7299681024 -0.679789358 -1.418533887
-0.257847684 2.4951417857 -0.531257936 -1.204104908 1.0797128249 -0.517693188 0.951056551
-1.119196731 2.0185710843 1.8216540505 0.8078846545 0.3843550488 -1.434998079 -0.215471957
1.2955592462 -1.526766814 0.0037636627 -0.298909012 -0.70839332 -0.236926175 -1.905967549
0.27087078 -0.463543739 0.9301553847 -2.230015348 -0.806483645 -0.744375492 0.9066120481
-0.017521509 -0.947312769 0.9667532253 0.5352174792 0.1471115772 -1.072263531 0.1799003218
-1.072708607 -0.283457032 0.3998447676 -0.008761847 0.2604673203 1.542841417 1.6869507144
-0.575746361 -1.488017122 -1.853110485 -0.522399033 -0.708482052 -1.637586027 -1.771894047
0.0926306448 -0.880564046 1.508974598 2.6579915255 -1.302893055 0.8390646846 -0.422105896
-2.161678456 -0.278094849 0.0442727679 0.1795782439 -0.588801067 0.1607650073 2.052787433
0.2599177163 -0.851074669 -1.49358786 0.9978059713 0.1331982329 -0.616529161 -0.366904325
2.1873828516 -0.236400616 0.0784185988 -0.096047093 0.0005349394 0.3469436683 -1.079156034
0.1499474634 0.3674983058 -0.458096064 0.4229251235 0.2486011581 0.3355658696 0.1921415652
0.4539388902 0.4918376444 -1.813032824 -0.295296667 -0.745098769 -0.258768671 -1.658432844
0.2060250805 0.3530250227 1.6215318574 -0.878564354 -0.318390727 -0.394784817 0.0859812533
-1.472437615 -0.013677071 -0.510767795 -2.521065722 -0.298384578 -1.044423519 0.0859597915
-1.103689446 -0.803160962 0.538569482 1.0548958914 0.2436921417 -0.686610257 0.0981302314
0.863317064 -0.333091944 -1.519625986 0.6634061471 0.3286757019 0.5427172273 -1.2272182
-0.702669518 -0.715522808 -0.648359614 -0.433179619 -1.442420509 -0.321509262 0.2171714612
-0.225587632 -0.204669048 -0.260742963 -1.014716056 0.6555414031 -1.035216302 -0.383362688
1.0071516385 -0.273550411 1.4173596843 1.2091120913 0.0258754371 -0.138938261 0.2281590719
0.3044599047 0.3401565407 -0.00311207 0.0292631658 -0.615788309 -0.501588596 -0.267904706
0.9302471946 -0.924352078 -0.542330175 0.3909972965 1.4148639753 -0.539116436 -0.326033894
0.1511265591 0.7831139402 -0.44155621 -1.426885248 2.2958828194 0.7288676339 -1.409253125
1.4242679362 -0.92069641 1.1669546707 1.3300971318 -0.039342855 0.5673113617 0.1533562584
-0.27412348 0.284141753 -0.352829689 -0.61303002 0.2399478646 0.5994514136 -0.70470184
0.2793195541 -0.362945571 0.4073386547 -2.085287429 1.0738551845 -0.531466287 0.5816132244
-0.878645967 -0.755059524 -0.47525874 0.4094662358 0.5930916241 -1.648993207 0.8700410558
0.0937567424 0.3289684697 0.5164091107 1.8510292639 -0.974872936 0.718442844 0.4097194579
-0.092129297 0.7406740367 0.3274757156 0.5546039117 0.0590739904 0.7254526524 1.1390098475
-0.106779394 0.1022362551 -0.611749329 0.592092256 0.528060619 1.7296644812 -0.274015196
-0.589884483 0.9861932789 -0.898627304 -0.200572069 0.3631819031 -0.193598085 -0.022058703
-3.049376743 0.1213423683 -0.743037586 -0.741061105 -0.260872829 1.359016235 -1.877667229
-0.580088036 0.8153605417 0.6334487729 -1.412926456 -1.223122618 -1.435772886 -0.425758365
0.9115843324 2.1926727521 2.0221910634 0.4577781341 0.9327264083 0.3014924654 -0.405280404
0.4543055682 0.2380968277 0.404552098 -0.285753174 -0.346827955 -0.112822162 -0.625275626
0.7258209626 0.3638526588 0.8229730672 -1.172060242 -0.630211699 0.0598119097 -1.309789759
-0.309668432 -1.29968717 0.0544974473 -1.443246155 1.0168450711 -2.464778057 -1.374459226
-1.268584427 -0.144984653 1.4424783539 -0.299649523 1.2605297531 0.322515265 -0.007452369
-1.435957184 -0.130221139 -0.756555707 0.4242865946 0.2070664145 -0.47485268 -1.07001626
1.087638182 1.0074975745 2.8594316643 0.0605647625 -0.692476351 1.7141782135 1.1235350239
-0.364089278 -0.92613421 0.0142856265 -1.154645464 -1.758660084 0.326050727 -1.37669877
0.3300873009 -0.470020437 0.0134371469 -0.103737837 1.6478958716 -0.190939932 -1.081061766
-1.030735265 0.4239632307 0.811351167 0.1192925015 0.9706736276 -1.325556221 -0.049409256
1.0645659156 0.2433672224 -0.830699066 1.2985330626 1.2097584194 0.2037615897 2.2095847408
-0.210353717 -0.241000025 -1.3651537 0.6173571844 -0.436249896 1.0975238602 -1.098978793
-0.408657503 1.3233344412 0.356707785 1.5500867187 0.3707033905 -0.379294441 1.1401771123
-0.068293865 0.6659729279 0.3929437715 0.1833065634 0.9380187885 1.7040963101 -0.893954075
-1.237680626 -1.943739746 1.1419050021 -0.438521427 -1.38219229 0.8380809649 -0.424687986
-0.859051146 -1.141938242 -0.518308134 0.0101967371 -0.368627483 -0.635401057 -1.124049432
-0.647289519 -1.17904983 0.2861187329 -0.122341918 2.2759392825 -0.616010108 0.4679982539
0.7013013267 -0.912783997 -0.602394593 -0.658979905 -0.553251011 1.0235171554 0.4768829105
1.3622666943 -0.985533855 -0.165532914 -0.95185089 0.9378232186 1.0903173549 -1.048163045
-0.159678593 0.0701127207 -1.120290626 1.4368786565 -1.846189586 -0.02431967 -0.028808537
1.3244952061 -1.54225207 1.4715337752 0.1324119867 -0.07430674 1.0335701763 -1.546638898
-0.601252209 1.1681859274 0.0139485257 -0.52731201 -0.564830966 -1.057405282 -0.636784509
0.6972986592 -1.405654086 -0.390648616 -0.535677578 -0.596964302 -1.041083842 0.9787895013
-0.447604536 -0.58030491 -1.469760736 -1.647048063 -2.089975921 0.4130562418 -0.052576331
-2.087660777 1.1882950962 0.7591618196 0.8054068911 -2.224609548 -0.744958495 0.3750142964
0.4821236553 -2.121041781 -0.635775191 0.0645320222 -1.811998653 -0.046269011 -1.645142782
-0.65942789 1.9864766634 -0.228093738 0.4386325261 -0.37749153 -0.124384564 -0.79236685
-0.005750801 0.0785326961 -0.031881801 1.0460035763 2.0581589164 1.4994734822 0.1794398706
0.3582276923 -0.407961673 1.1605693283 1.5215059676 -0.965493094 -0.005873606 0.7682442347
0.3952684982 -0.191252927 -1.755429098 -0.009756194 0.9161230544 0.9566222756 0.0117160922
0.9995699947 0.6492807413 1.069627527 -0.910312757 0.6436446588 -0.159288653 -0.159102117
0.2466166199 -1.183377619 0.2102475175 -0.216993468 1.3620922713 1.0126806746 -1.285008717
0.463816313 1.1369500062 -1.014844003 0.3804682045 0.5655232097 0.4734534675 0.8571701607
-0.984851852 -0.652935957 0.5743616152 1.4834225919 1.670215162 0.8742960459 -2.174550492
-0.325439869 0.1115591342 1.4873362453 0.556417011 -1.359075166 0.9307396932 1.0626195493
0.8797956244 -0.758772223 -0.027249384 1.174647847 -0.49742171 -1.291090299 -1.424165907
-0.738545266 1.6124143813 -0.114230821 0.2084672172 -0.555413796 1.4977031178 1.126990566
-2.077670756 0.5502674058 -2.218094563 -1.404932109 0.0158040964 -0.655515808 0.948834503
0.0484878404 0.4610073044 -0.412850776 -0.354866317 -0.658266484 0.2687707782 -1.514340109
2.3348739154 -0.044443155 -1.97927405 2.4687853921 -0.914962934 -1.142472741 0.5966225616
-0.096929332 -0.183036533 -1.275500972 1.4363116527 -0.352226234 -0.69128404 0.3724686297
-1.408451067 0.0348699371 -1.028147294 -0.251343489 -1.057709682 1.1217372183 -1.534054758
-0.637228328 0.4039514779 0.1337504524 -0.757806281 0.7770226836 1.5582524478 -0.204474363
-1.020537503 -0.367383351 -1.207071685 2.7272009553 -1.19795094 -0.536035354 0.5605063473
1.1618186839 -1.305280391 0.3101053904 1.2492876609 0.5144860935 2.4178975364 -2.081087943
0.1238755249 1.770749891 -0.929784801 -1.344156238 -0.182690665 -1.575693515 -0.483914182
-0.658803806 0.6090266588 1.1172057251 -0.687706513 0.4011755169 -0.731311946 0.7857372753
0.5292301185 -1.405803725 0.5074352145 -0.080351159 -1.298170927 -0.061389761 2.0253631952
-0.232023893 0.0969706721 -0.485563077 1.4353781819 -0.341462059 0.6599712017 -1.030008289
1.0583017512 -0.850648399 -1.117987894 0.3234575206 -1.731998498 0.8531181753 -0.202383145
-0.222966516 -0.542084112 -0.10179245 0.6847102505 -1.449698657 -1.180499897 1.801230653
-0.047690605 0.7132110563 -1.82889107 0.2425177541 -0.727924048 -1.344771545 -1.314719881
-0.834315098 -1.314313811 -0.809627827 -0.074393609 0.449875696 -0.958746853 -1.681208004
2.2435058748 -0.606459941 1.0258120273 -0.690377501 -0.490760987 -0.616802132 1.5896779279
-0.38951526 0.2025894646 0.907009061 1.7418560806 0.361498076 -0.754470959 1.1441871232
0.0023894395 -0.145625106 0.7853979093 -0.908406774 0.2044219395 -1.263857741 0.4364577034
1.2424536502 -0.116622154 0.7199642602 1.1805837744 0.1132200795 1.1318247968 -0.189590675
0.6369956735 -0.98820849 0.2024852148 -2.193304976 -0.831276665 -0.776102238 1.1686603009
-0.561274738 -0.203948024 0.3496299398 -1.919766157 -0.096928499 -0.407920091 0.6712971751
0.4712969516 -1.879693839 -0.536376624 0.8794838955 -1.110871773 -0.163266481 1.1839573179
0.2922232078 -0.264568395 -1.387807437 -0.652493459 -0.927287497 0.8422437259 -0.414464619
1.4925537787 -1.617847908 0.8540903092 0.6764003456 -0.830930197 -0.415293011 -1.001780987
-0.289916022 -1.108761335 0.1066839073 -0.785448321 0.1175527908 -0.688521079 -1.578413524
-0.761836699 -0.597196129 -0.128859786 -0.342314573 -2.035407951 0.4630352618 -0.741529398
-0.159930512 -1.843459387 0.6584364523 0.7189105109 -0.774526614 0.9742717552 -1.758553513
0.927697714 -0.699740819 0.4819383492 -2.207826083 0.03800138 -0.429996732 -1.388433432
-0.369860468 -0.879266338 0.2562458774 0.0691496103 -0.194718077 1.5318333279 -1.276859006
-1.159515756 -0.579900451 -0.017583398 -1.031018023 2.547116727 0.2617081127 0.2842708732
-1.500902627 -1.887732541 0.3037235444 0.0659974977 -1.15969109 -0.814726408 1.4362075134
0.2725869456 -1.118658116 0.9239959406 -0.038662625 -0.851000407 1.2409696851 -1.668584243
-0.836229616 -0.722492321 1.069218228 -2.323217951 -0.447186888 -2.236964904 0.4833866614
0.5206494357 1.1121172298 -1.074104762 -2.595260134 0.7411611957 -0.810585553 -0.435299233
-0.683740591 0.4368372236 0.8294539058 0.7231254936 0.7411720427 -0.948798203 0.6293671732
0.1500077764 -0.575991417 0.3407388378 -0.861623636 -0.520644584 0.4189304056 0.3372362419
1.5433750527 -0.069812169 0.7989742308 -0.959762271 -0.968002309 -0.226621398 0.0879435029
0.0546222703 1.4734741402 0.3294479275 -1.416810572 -1.787579467 -1.764769385 -0.314409293
1.3759184005 1.116098727 -1.622429199 -0.70823922 -0.931163319 -0.165571718 -0.385512978
-0.257538336 0.6313670232 -0.580710251 -0.492971546 -0.631249294 0.35938742 -1.586966303
-0.665603484 0.5391414104 0.5078660745 0.7491609506 1.0339902087 -0.411693571 -1.162356741
0.2480386241 -0.03066393 -0.807064842 -0.211254696 0.1955385298 -0.974963102 0.4733428777
1.5233400841 0.2692004524 0.2615676156 -1.024379151 -0.400078736 -1.311120158 -0.408939644
1.3724736743 0.2480733174 -1.449477025 -0.06754431 0.2755668059 0.3432421286 0.3098946866
1.5888499282 -0.599935645 -0.321144961 0.7450844867 -0.261536339 -0.372013582 0.2921891897
-0.248305824 -1.910185359 1.5295013072 -0.515945417 -1.170037474 -0.546486566 0.5592903821
-1.319931856 0.5204331483 -2.545990521 -0.049319961 -0.010559824 -1.733476518 0.4185036499
1.2788908143 -1.145803734 0.4979284933 -1.899669406 -0.823032389 1.2973594279 0.8624889599
-1.387864185 2.3194062724 0.3599302013 0.1042472212 -1.177938754 1.068653935 -0.722466541
-0.765347897 0.1425143902 1.2970628314 -1.425117215 0.3223181495 0.103191378 0.6259298776
2.0304025446 -1.221771008 1.461600203 -0.849111784 -0.355397336 1.3311977898 0.3183954873
-0.511246007 0.6477565377 -0.317675709 0.406180027 0.0020078092 -0.32828546 0.7127605139
0.3221334694 -1.400869815 -2.397627638 -0.268006728 0.3847065834 0.6738193399 1.0287670649
-0.535313092 -0.080455679 0.2090824886 -1.301076836 -0.890127155 -0.033700225 0.836982443
0.0685470463 -0.425864839 -0.595869891 -0.690613798 -0.209061327 -0.130502408 -2.228735646
-1.133433729 -0.283108578 -1.366017622 2.1059345343 0.1431972286 1.9160270765 -0.448092599
-0.104707512 -1.124263962 -0.030816952 0.2807618 -1.086192065 0.8269269202 -1.326405713
0.4192359693 -0.160846852 -0.303368929 1.6012587133 -0.501964024 0.2213716854 0.9799038725
0.8275999854 1.2177142086 -0.107217271 -0.201702145 -2.108052499 -0.14666151 -1.802125591
-2.187232382 -0.580106908 -0.92293092 0.3059188761 1.6268423193 0.3326556826 -0.991030982
1.7152092336 0.4431278265 -1.187790355 0.1569797731 0.845516476 0.7356283916 -0.444653866
-0.773462328 -1.370209161 0.1663597469 -1.568601286 -1.004267763 2.8860208107 0.5235563273
0.4041412092 0.692181631 0.3144531734 -2.253730084 0.7482917447 -1.914428587 0.8790390709
-0.491455292 0.681693092 0.3191680642 0.2382314491 -0.450335181 0.0916245929 -1.644462182
0.5246232719 0.9264767241 -0.255024317 -1.539837172 0.6832437293 2.9781923788 0.187842371
0.1046411348 1.0655167476 0.6894967272 -0.44475574 0.9402247509 -1.150508692 1.7323093268
-0.653298704 1.0174464031 -1.337073994 -0.438185286 -0.431221482 0.3851165948 -1.289250633
-0.265791342 1.2456202028 0.7893365544 -0.568855921 2.4670132055 -0.259080661 -1.544243333
0.577407309 0.3829959337 -0.141222527 0.0571256039 -1.363015518 0.5575191663 0.2490733314
-0.592847999 -0.17337897 -1.3750648 -0.764690402 0.8080744941 -0.949245806 0.7950265103
0.6614030027 -1.684372726 1.0143687694 -1.355165939 -0.128968924 -1.312346342 1.5953835842
-1.705095108 -1.204064327 -1.097022552 0.4225089167 1.7310332609 1.3237599157 -1.403896188
1.8183935223 1.0348398025 0.9150766783 -1.216490109 -0.119575993 -2.252728868 1.8763335112
1.0168657694 0.3994455445 -0.739642269 -0.418906183 0.4061949037 1.8468183744 0.5391856065
-0.431528035 -0.139297274 0.4777011486 -0.982151726 -0.408330101 0.6844083235 -0.577178306
0.6881528895 0.1433020636 0.3534689397 0.87752213 0.0238519493 1.5660937884 -0.727572046
0.0078421662 0.8751105133 0.4876604688 -1.596819646 -0.269024807 0.0130964513 0.253085874
0.953912507 -0.908158558 -1.39457153 0.1491954487 0.9787112871 -0.041943533 1.7692977923
-0.757262356 -1.16407876 -0.215868013 -0.148914584 0.6402094061 0.9101544296 -0.074389633
0.1408904588 -1.083033418 0.6959042591 1.4343608523 0.6527087883 -0.321089165 -0.296475314
0.2224450345 -0.562577542 -0.324602301 -1.464232105 0.102609745 0.5117911136 0.9826663558
-0.071294077 0.2675695117 1.1851121141 -1.232029842 1.7289489582 0.4811134208 -1.348926968
0.603129391 1.0862146317 -0.370474626 -0.493672163 0.9333909298 0.0627614197 1.3950595551
1.583848754 0.2812832035 -1.534665342 0.801184898 0.290864035 -0.190511488 -1.500910057
0.4532949622 1.6922202133 1.5310734488 0.5175591707 -2.47874619 -1.900554946 -1.502639195
1.2449700035 0.3840047769 -0.152086401 -2.875104904 0.9026198409 0.3098864259 0.1158948184
1.3455958358 -0.285700605 0.1940355027 -0.183255601 -0.625430283 1.4401153783 -0.751804252
0.9607936714 1.0878758335 1.7781064178 -0.603321457 0.0375271402 -0.500675094 0.1444622177
0.9028321178 -0.047421017 0.0224463395 -1.097650285 -0.19826291 -1.645252081 0.5141037554
1.142310327 -0.912666403 -0.882514319 0.761133662 0.6002742373 0.4779087652 0.9192297934
-1.142044171 -1.674245836 1.5296588007 -0.318748829 1.2738334782 0.9016643682 1.7496000975
-0.175330938 -0.147025215 0.3179959015 -0.124894491 1.5439766476 -1.20337396 0.2261281529
-0.639409747 -0.781732538 -1.591105737 1.1011626131 -0.161598568 0.3194700112 -2.061117259
0.0122799774 -0.310550113 1.2020337983 -1.363318074 1.7582673084 0.3354572456 0.1207552574
-0.598535072 0.0571344514 -0.358919498 -1.145058222 0.0783164416 0.0157777664 -0.005788774
0.2988433683 -0.475710399 -0.013514288 0.6963181998 1.3320379989 -0.075180742 -0.115100838
-0.892655092 -0.745612567 1.0517201962 -0.645977182 0.0571626626 -1.568491903 1.1322501809
0.0271715967 -0.35046041 0.1572135744 -0.471025953 -0.842738853 0.7468776518 2.1863140836
0.1239997941 -0.684426562 -1.055547345 -1.115113482 1.1907280415 -1.235655553 -0.210224451
0.2562270441 1.3491764268 -1.075132534 -1.147825032 0.9806943424 -0.562231237 0.4408738645
0.7345506771 0.3441725192 -0.068154201 -1.613147535 -0.507284696 0.5449354033 -0.492152155
-0.137333106 1.5341256607 -0.875266215 0.1212405091 0.866819539 -0.302674977 0.1276807181
/

&allfactorspecs  factor_specs=T independence=.TRUE. /

&factorspecs factor_name='Listening' fix_diag=.FALSE. /

&factorspecs factor_name='Set1' /
&factorspecs factor_name='Set2' /
&factorspecs factor_name='Set3' /
&factorspecs factor_name='Set4' /

&factorspecs factor_name='Set5' /
&factorspecs factor_name='Set6' /

&allskillspecs skill_specs=.TRUE./

&skillspecs skill_name='Set1' /
&skillspecs skill_name='Set2' /
&skillspecs skill_name='Set3' /
&skillspecs skill_name='Set4' /

&skillspecs skill_name='Set5' /
&skillspecs skill_name='Set6' /
&allitemspecs item_specs=.TRUE./

&itemspecs skill_num=1 /
&itemspecs skill_num=1 /
&itemspecs skill_num=1 /
&itemspecs skill_num=1 /
&itemspecs skill_num=1 /
&itemspecs skill_num=2 /
&itemspecs skill_num=2 /
&itemspecs skill_num=2 /
&itemspecs skill_num=2 /
&itemspecs skill_num=2 /
&itemspecs skill_num=2 /
&itemspecs skill_num=3 /
&itemspecs skill_num=3 /
&itemspecs skill_num=3 /
&itemspecs skill_num=3 /
&itemspecs skill_num=3 /
&itemspecs skill_num=3 /
&itemspecs skill_num=4 /
&itemspecs skill_num=4 /
&itemspecs skill_num=4 /
&itemspecs skill_num=4 /
&itemspecs skill_num=4 /
&itemspecs skill_num=5 /
&itemspecs skill_num=5 /
&itemspecs skill_num=5 /
&itemspecs skill_num=5 /
&itemspecs skill_num=5 /
&itemspecs skill_num=5 /
&itemspecs skill_num=6 /
&itemspecs skill_num=6 /
&itemspecs skill_num=6 /
&itemspecs skill_num=6 /
&itemspecs skill_num=6 /
&itemspecs skill_num=6 /
&predictorname /
&designparameters /
&readgamma /
&inputinformation /
&printprogress /
&output  /

